	1	2
0	654.0	685.0
1	639.0	642.0
2	685.0	660.0
3	651.0	612.0
4	697.0	703.0
5	695.0	646.0
6	692.0	650.0
7	683.0	617.0
8	687.0	710.0
9	686.0	669.0
10	687.0	676.0
11	705.0	620.0
12	717.0	642.0
13	729.0	636.0
14	643.0	653.0
15	677.0	642.0
16	688.0	606.0
17	643.0	636.0
18	643.0	628.0
19	662.0	663.0
20	687.0	656.0
21	691.0	662.0
22	621.0	680.0
23	656.0	614.0
24	680.0	650.0
25	656.0	627.0
26	634.0	671.0
27	703.0	700.0
28	664.0	668.0
29	684.0	648.0
30	655.0	580.0
31	649.0	593.0
32	665.0	668.0
33	601.0	685.0
34	649.0	615.0
35	627.0	643.0
36	686.0	647.0
37	690.0	652.0
38	638.0	664.0
39	647.0	629.0
40	652.0	583.0
41	668.0	641.0
42	649.0	660.0
43	668.0	617.0
44	661.0	661.0
45	641.0	661.0
46	684.0	643.0
47	669.0	643.0
48	588.0	640.0
49	663.0	657.0
50	694.0	649.0
51	685.0	640.0
52	652.0	635.0
53	672.0	592.0
54	670.0	581.0
55	664.0	608.0
56	695.0	606.0
57	590.0	647.0
58	638.0	625.0
59	643.0	627.0
60	664.0	579.0
61	657.0	622.0
62	656.0	640.0
63	637.0	621.0
64	666.0	639.0
65	671.0	656.0
66	649.0	620.0
67	637.0	585.0
68	637.0	624.0
69	630.0	628.0
70	648.0	603.0
71	638.0	605.0
72	661.0	638.0
73	595.0	626.0
74	627.0	624.0
75	646.0	638.0
76	675.0	645.0
77	642.0	659.0
78	661.0	624.0
79	672.0	602.0
80	692.0	660.0
81	677.0	641.0
82	625.0	599.0
83	652.0	624.0
84	641.0	597.0
85	683.0	636.0
86	604.0	606.0
87	661.0	616.0
88	589.0	637.0
89	629.0	624.0
90	623.0	596.0
91	634.0	584.0
92	653.0	673.0
93	651.0	592.0
94	658.0	626.0
95	645.0	606.0
96	682.0	635.0
97	651.0	590.0
98	616.0	618.0
99	634.0	611.0
100	664.0	638.0
101	660.0	628.0
102	621.0	636.0
103	662.0	645.0
104	620.0	620.0
105	666.0	613.0
106	627.0	618.0
107	633.0	638.0
108	592.0	651.0
109	620.0	628.0
110	642.0	619.0
111	621.0	603.0
112	685.0	624.0
113	639.0	612.0
114	597.0	616.0
115	594.0	619.0
116	628.0	666.0
117	655.0	622.0
118	603.0	607.0
119	645.0	649.0
120	635.0	617.0
121	620.0	659.0
122	626.0	586.0
123	631.0	612.0
124	659.0	661.0
125	645.0	609.0
126	593.0	646.0
127	599.0	625.0
128	648.0	660.0
129	600.0	622.0
130	605.0	620.0
131	618.0	623.0
132	655.0	634.0
133	630.0	647.0
134	586.0	622.0
135	642.0	632.0
136	630.0	632.0
137	613.0	611.0
138	654.0	613.0
139	614.0	631.0
140	627.0	635.0
141	654.0	633.0
142	607.0	621.0
143	615.0	626.0
144	662.0	645.0
145	602.0	649.0
146	639.0	641.0
147	590.0	686.0
148	635.0	602.0
149	625.0	618.0
150	621.0	646.0
151	609.0	619.0
152	647.0	606.0
153	589.0	608.0
154	648.0	634.0
155	637.0	610.0
156	609.0	593.0
157	609.0	637.0
158	590.0	616.0
159	648.0	629.0
160	608.0	605.0
161	635.0	636.0
162	601.0	580.0
163	572.0	642.0
164	567.0	605.0
165	621.0	588.0
166	650.0	585.0
167	590.0	579.0
168	604.0	615.0
169	607.0	600.0
170	587.0	603.0
171	612.0	593.0
172	612.0	592.0
173	600.0	622.0
174	589.0	592.0
175	638.0	607.0
176	571.0	577.0
177	604.0	555.0
178	566.0	592.0
179	593.0	557.0
180	616.0	592.0
181	613.0	618.0
182	569.0	580.0
183	589.0	597.0
184	581.0	548.0
185	579.0	591.0
186	614.0	582.0
187	558.0	549.0
188	626.0	573.0
189	534.0	551.0
190	592.0	580.0
191	595.0	600.0
192	580.0	603.0
193	590.0	602.0
194	616.0	600.0
195	561.0	591.0
196	569.0	591.0
197	549.0	596.0
198	560.0	576.0
199	567.0	570.0
200	562.0	597.0
201	570.0	605.0
202	622.0	596.0
203	613.0	576.0
204	570.0	570.0
205	583.0	612.0
206	568.0	599.0
207	580.0	574.0
208	600.0	597.0
209	621.0	565.0
210	577.0	611.0
211	534.0	523.0
212	590.0	562.0
213	566.0	613.0
214	586.0	575.0
215	565.0	573.0
216	610.0	555.0
217	585.0	600.0
218	549.0	559.0
219	568.0	570.0
220	606.0	554.0
221	584.0	581.0
222	564.0	579.0
223	567.0	543.0
224	540.0	554.0
225	583.0	561.0
226	605.0	576.0
227	567.0	547.0
228	555.0	540.0
229	559.0	591.0
230	561.0	578.0
231	602.0	604.0
232	566.0	583.0
233	534.0	567.0
234	569.0	611.0
235	582.0	586.0
236	555.0	564.0
237	552.0	584.0
238	550.0	553.0
239	548.0	528.0
240	608.0	532.0
241	537.0	538.0
242	588.0	557.0
243	541.0	563.0
244	555.0	553.0
245	584.0	514.0
246	582.0	541.0
247	527.0	554.0
248	551.0	549.0
249	602.0	519.0
250	602.0	514.0
251	612.0	559.0
252	545.0	593.0
253	530.0	531.0
254	595.0	546.0
255	534.0	608.0
256	603.0	615.0
257	562.0	541.0
258	565.0	524.0
259	539.0	540.0
260	557.0	512.0
261	515.0	569.0
262	539.0	565.0
263	555.0	576.0
264	543.0	538.0
265	548.0	582.0
266	547.0	508.0
267	543.0	572.0
268	514.0	569.0
269	530.0	551.0
270	570.0	588.0
271	549.0	527.0
272	550.0	512.0
273	565.0	550.0
274	535.0	566.0
275	543.0	531.0
276	583.0	583.0
277	559.0	570.0
278	600.0	558.0
279	539.0	549.0
280	554.0	533.0
281	546.0	566.0
282	532.0	551.0
283	557.0	577.0
284	563.0	572.0
285	553.0	523.0
286	563.0	539.0
287	547.0	554.0
288	520.0	528.0
289	554.0	546.0
290	558.0	559.0
291	543.0	527.0
292	529.0	517.0
293	572.0	523.0
294	516.0	493.0
295	537.0	578.0
296	522.0	544.0
297	555.0	559.0
298	559.0	553.0
299	533.0	568.0
300	505.0	537.0
301	513.0	545.0
302	558.0	525.0
303	517.0	483.0
304	539.0	548.0
305	517.0	518.0
306	532.0	557.0
307	505.0	559.0
308	575.0	523.0
309	534.0	520.0
310	511.0	516.0
311	547.0	505.0
312	532.0	545.0
313	492.0	520.0
314	514.0	552.0
315	561.0	540.0
316	524.0	503.0
317	544.0	531.0
318	544.0	499.0
319	533.0	505.0
320	526.0	507.0
321	546.0	488.0
322	536.0	541.0
323	555.0	545.0
324	527.0	522.0
325	491.0	502.0
326	516.0	489.0
327	533.0	510.0
328	526.0	523.0
329	501.0	492.0
330	534.0	560.0
331	493.0	502.0
332	510.0	526.0
333	530.0	499.0
334	447.0	528.0
335	509.0	537.0
336	482.0	499.0
337	482.0	490.0
338	547.0	513.0
339	491.0	530.0
340	544.0	537.0
341	524.0	511.0
342	526.0	544.0
343	532.0	515.0
344	545.0	536.0
345	501.0	516.0
346	502.0	513.0
347	544.0	546.0
348	515.0	496.0
349	555.0	486.0
350	482.0	514.0
351	502.0	494.0
352	458.0	520.0
353	488.0	482.0
354	489.0	507.0
355	516.0	532.0
356	542.0	536.0
357	526.0	526.0
358	577.0	537.0
359	584.0	479.0
360	689.0	657.0
361	744.0	656.0
362	854.0	766.0
363	1002.0	859.0
364	1306.0	977.0
365	1696.0	1295.0
366	2424.0	1518.0
367	3226.0	2044.0
368	4344.0	2534.0
369	5728.0	3193.0
370	7306.0	3957.0
371	9439.0	4848.0
372	11769.0	5912.0
373	13813.0	6838.0
374	16286.0	7829.0
375	18509.0	8689.0
376	20179.0	9367.0
377	21687.0	10150.0
378	23020.0	10769.0
379	23667.0	11338.0
380	24868.0	11236.0
381	25083.0	11776.0
382	25004.0	11972.0
383	25551.0	12145.0
384	25215.0	12282.0
385	25638.0	12541.0
386	25365.0	12691.0
387	25228.0	12636.0
388	25299.0	13025.0
389	25212.0	12699.0
390	24815.0	13036.0
391	25071.0	13317.0
392	24712.0	13198.0
393	24942.0	13351.0
394	24605.0	13417.0
395	24289.0	13608.0
396	24587.0	13813.0
397	24244.0	13879.0
398	24369.0	13878.0
399	24192.0	13948.0
400	23990.0	13964.0
401	23921.0	14190.0
402	23862.0	14254.0
403	24361.0	14281.0
404	24089.0	14443.0
405	24203.0	14427.0
406	23712.0	14604.0
407	23996.0	14870.0
408	23705.0	15068.0
409	23783.0	14867.0
410	23749.0	15048.0
411	23675.0	15040.0
412	23323.0	15067.0
413	23556.0	15100.0
414	23372.0	15081.0
415	23666.0	15149.0
416	23405.0	15284.0
417	23053.0	15215.0
418	23296.0	15571.0
419	23136.0	15486.0
420	23047.0	15574.0
421	23092.0	15674.0
422	22683.0	15582.0
423	22887.0	15766.0
424	22703.0	15591.0
425	22531.0	15636.0
426	22502.0	15769.0
427	22658.0	15763.0
428	22697.0	16030.0
429	22310.0	15860.0
430	22224.0	15792.0
431	22410.0	15900.0
432	22163.0	15795.0
433	22141.0	15885.0
434	22312.0	15884.0
435	22132.0	16094.0
436	21975.0	16225.0
437	21909.0	16052.0
438	22058.0	16261.0
439	22021.0	16103.0
440	21652.0	16438.0
441	21264.0	16308.0
442	21506.0	16314.0
443	21700.0	16021.0
444	21859.0	16241.0
445	21312.0	16519.0
446	21276.0	16481.0
447	21238.0	16076.0
448	21468.0	16112.0
449	21127.0	16365.0
450	21114.0	16268.0
451	21090.0	16560.0
452	21011.0	16531.0
453	20832.0	16266.0
454	20620.0	16356.0
455	20774.0	16721.0
456	20879.0	16331.0
457	20440.0	16296.0
458	20686.0	16560.0
459	20458.0	16426.0
460	20164.0	16452.0
461	20308.0	16481.0
462	20358.0	16395.0
463	20375.0	16341.0
464	20246.0	16362.0
465	20206.0	16585.0
466	20150.0	16600.0
467	19906.0	16331.0
468	19978.0	16346.0
469	19982.0	16463.0
470	19707.0	16520.0
471	19825.0	16439.0
472	19561.0	16798.0
473	19626.0	16286.0
474	19729.0	16466.0
475	19443.0	16177.0
476	19454.0	16537.0
477	19287.0	16293.0
478	19281.0	16646.0
479	19278.0	16473.0
480	19535.0	16284.0
481	19193.0	16308.0
482	19077.0	16389.0
483	19465.0	16259.0
484	18977.0	16442.0
485	19185.0	16365.0
486	18853.0	16486.0
487	18815.0	16242.0
488	18881.0	16520.0
489	18769.0	16418.0
490	19137.0	16266.0
491	18722.0	16339.0
492	18732.0	16013.0
493	18942.0	16489.0
494	18784.0	16389.0
495	18436.0	16119.0
496	18414.0	16401.0
497	18191.0	16436.0
498	18521.0	16178.0
499	18466.0	16229.0
500	18208.0	16194.0
501	18174.0	16148.0
502	18310.0	16342.0
503	18161.0	16125.0
504	17933.0	16218.0
505	18090.0	16003.0
506	18037.0	16055.0
507	18070.0	16205.0
508	18026.0	16019.0
509	17853.0	16118.0
510	18034.0	16212.0
511	17839.0	16102.0
512	17891.0	16005.0
513	17627.0	16124.0
514	17663.0	15970.0
515	17613.0	16122.0
516	17772.0	16076.0
517	17372.0	15891.0
518	17548.0	16121.0
519	17332.0	15979.0
520	17602.0	15704.0
521	17347.0	15953.0
522	17438.0	15773.0
523	17233.0	16128.0
524	17420.0	15842.0
525	17351.0	15723.0
526	17368.0	15781.0
527	17492.0	15714.0
528	17318.0	15766.0
529	17088.0	15826.0
530	16942.0	15724.0
531	17108.0	15835.0
532	16925.0	15819.0
533	16945.0	15771.0
534	17125.0	15563.0
535	17054.0	15810.0
536	17020.0	15915.0
537	17035.0	15456.0
538	16875.0	15822.0
539	16971.0	15721.0
540	16726.0	15817.0
541	16801.0	15607.0
542	16688.0	15684.0
543	16705.0	15759.0
544	16836.0	15869.0
545	16658.0	15384.0
546	16841.0	15561.0
547	16659.0	15668.0
548	16591.0	15333.0
549	16511.0	15507.0
550	16410.0	15701.0
551	16633.0	15456.0
552	16672.0	15638.0
553	16450.0	15300.0
554	16602.0	15348.0
555	16333.0	15176.0
556	16416.0	15542.0
557	16137.0	15262.0
558	16522.0	15398.0
559	16024.0	15358.0
560	16248.0	15128.0
561	16282.0	15370.0
562	16147.0	15282.0
563	16153.0	15345.0
564	16189.0	15233.0
565	16166.0	15199.0
566	16210.0	15123.0
567	15796.0	15345.0
568	15938.0	15206.0
569	16022.0	15018.0
570	15837.0	14950.0
571	15914.0	14986.0
572	15638.0	15311.0
573	15956.0	14902.0
574	15676.0	14969.0
575	15753.0	15265.0
576	15738.0	15199.0
577	15673.0	15143.0
578	15786.0	14965.0
579	15551.0	14828.0
580	15603.0	14948.0
581	15774.0	15127.0
582	15572.0	14860.0
583	15669.0	14964.0
584	15840.0	14897.0
585	15715.0	15007.0
586	15330.0	14758.0
587	15604.0	14905.0
588	15386.0	14753.0
589	15561.0	14526.0
590	15342.0	14610.0
591	15477.0	14633.0
592	15393.0	14574.0
593	15442.0	14712.0
594	15270.0	14682.0
595	15380.0	14670.0
596	15192.0	14696.0
597	15164.0	14825.0
598	15375.0	14616.0
599	15283.0	14604.0
600	15231.0	14565.0
601	15203.0	14477.0
602	15197.0	14502.0
603	15128.0	14500.0
604	15165.0	14641.0
605	15071.0	14679.0
606	14993.0	14499.0
607	14957.0	14544.0
608	14910.0	14336.0
609	14836.0	14291.0
610	14703.0	14370.0
611	15138.0	14433.0
612	14779.0	14400.0
613	14895.0	14345.0
614	14667.0	14314.0
615	14619.0	14104.0
616	14743.0	14372.0
617	14717.0	14363.0
618	14690.0	14116.0
619	14441.0	14154.0
620	14717.0	14095.0
621	14737.0	14176.0
622	14672.0	14110.0
623	14458.0	14303.0
624	14508.0	14250.0
625	14526.0	14262.0
626	14629.0	14190.0
627	14612.0	14088.0
628	14693.0	14118.0
629	14595.0	14165.0
630	14758.0	13920.0
631	14480.0	14006.0
632	14637.0	14105.0
633	14362.0	14084.0
634	14384.0	14013.0
635	14414.0	14016.0
636	14360.0	13932.0
637	14172.0	13918.0
638	14345.0	13972.0
639	14297.0	13962.0
640	14249.0	13878.0
641	14341.0	13563.0
642	13917.0	13999.0
643	14339.0	13916.0
644	14183.0	13634.0
645	14113.0	13924.0
646	14268.0	13725.0
647	14172.0	13779.0
648	14073.0	13827.0
649	14138.0	13637.0
650	14088.0	13599.0
651	14215.0	13662.0
652	13928.0	13680.0
653	13983.0	13734.0
654	13906.0	13464.0
655	14148.0	13627.0
656	13830.0	13782.0
657	13914.0	13427.0
658	13933.0	13377.0
659	13621.0	13373.0
660	13809.0	13219.0
661	13708.0	13305.0
662	13737.0	13569.0
663	13865.0	13311.0
664	13888.0	13721.0
665	13752.0	13276.0
666	13490.0	13395.0
667	13689.0	13546.0
668	13825.0	13292.0
669	13487.0	13276.0
670	13511.0	13181.0
671	13538.0	13375.0
672	13706.0	13458.0
673	13364.0	13267.0
674	13548.0	13010.0
675	13705.0	13462.0
676	13306.0	13333.0
677	13388.0	13114.0
678	13198.0	13178.0
679	13337.0	13130.0
680	13377.0	12966.0
681	13333.0	13248.0
682	13463.0	13159.0
683	13515.0	13048.0
684	13369.0	13196.0
685	13420.0	13050.0
686	13143.0	12979.0
687	13325.0	13094.0
688	13305.0	13169.0
689	13083.0	13034.0
690	13168.0	13017.0
691	12924.0	12987.0
692	13156.0	13052.0
693	13175.0	12841.0
694	13305.0	12981.0
695	13203.0	12983.0
696	12971.0	12989.0
697	13003.0	12906.0
698	13044.0	12882.0
699	13102.0	12985.0
700	12936.0	12915.0
701	13018.0	12731.0
702	13118.0	12777.0
703	13214.0	12845.0
704	13191.0	12831.0
705	12898.0	12875.0
706	12864.0	12760.0
707	12867.0	12449.0
708	12970.0	12702.0
709	12849.0	12602.0
710	12787.0	12583.0
711	12619.0	12358.0
712	12879.0	12734.0
713	12795.0	12779.0
714	12789.0	12453.0
715	12564.0	12605.0
716	12690.0	12522.0
717	12693.0	12553.0
718	12810.0	12518.0
719	12907.0	12429.0
720	12579.0	12555.0
721	12549.0	12399.0
722	12521.0	12481.0
723	12432.0	12504.0
724	12573.0	12355.0
725	12520.0	12563.0
726	12665.0	12325.0
727	12269.0	12144.0
728	12492.0	12379.0
729	12654.0	12558.0
730	12508.0	12281.0
731	12412.0	12321.0
732	12290.0	12486.0
733	12304.0	12241.0
734	12311.0	12336.0
735	12337.0	12189.0
736	12502.0	12233.0
737	12257.0	12246.0
738	12355.0	12161.0
739	12197.0	12224.0
740	12373.0	12093.0
741	12228.0	12309.0
742	12282.0	12223.0
743	12084.0	11994.0
744	12137.0	11924.0
745	12222.0	12046.0
746	12118.0	11997.0
747	12158.0	11992.0
748	12286.0	12046.0
749	12065.0	11941.0
750	12160.0	12073.0
751	12241.0	11774.0
752	12043.0	11948.0
753	11891.0	11859.0
754	12204.0	11683.0
755	11899.0	12022.0
756	12025.0	11798.0
757	11893.0	12020.0
758	12079.0	11672.0
759	12034.0	11743.0
760	11931.0	11754.0
761	11938.0	11697.0
762	11785.0	11678.0
763	11799.0	11688.0
764	11822.0	11791.0
765	11724.0	11471.0
766	11844.0	11702.0
767	11744.0	11687.0
768	11595.0	11724.0
769	11906.0	11512.0
770	11741.0	11499.0
771	11667.0	11754.0
772	11697.0	11684.0
773	11615.0	11471.0
774	11746.0	11549.0
775	11779.0	11433.0
776	11800.0	11267.0
777	11797.0	11418.0
778	11741.0	11471.0
779	11583.0	11405.0
780	11683.0	11314.0
781	11485.0	11474.0
782	11507.0	11548.0
783	11411.0	11362.0
784	11450.0	11423.0
785	11388.0	11498.0
786	11548.0	11352.0
787	11500.0	11301.0
788	11561.0	11336.0
789	11466.0	11333.0
790	11440.0	11409.0
791	11376.0	11254.0
792	11317.0	11351.0
793	11307.0	11319.0
794	11432.0	11355.0
795	11444.0	11209.0
796	11366.0	11328.0
797	11329.0	11218.0
798	11429.0	11148.0
799	11284.0	11200.0
800	11436.0	11240.0
801	11020.0	11194.0
802	11188.0	11143.0
803	10930.0	11173.0
804	10976.0	11131.0
805	11020.0	11117.0
806	11200.0	11140.0
807	11087.0	11030.0
808	11031.0	11056.0
809	10988.0	10958.0
810	11115.0	11034.0
811	11242.0	11073.0
812	10910.0	11067.0
813	10959.0	10909.0
814	11125.0	10824.0
815	11048.0	10968.0
816	11159.0	11094.0
817	11001.0	10837.0
818	11006.0	10971.0
819	10912.0	10782.0
820	11116.0	10879.0
821	10974.0	10897.0
822	11086.0	10989.0
823	10982.0	10809.0
824	11010.0	10752.0
825	10920.0	11027.0
826	10717.0	10776.0
827	10844.0	10676.0
828	10919.0	10955.0
829	10850.0	10779.0
830	10881.0	10694.0
831	10726.0	10758.0
832	10779.0	10511.0
833	10783.0	10794.0
834	10666.0	10527.0
835	10771.0	10713.0
836	10671.0	10458.0
837	10650.0	10512.0
838	10620.0	10669.0
839	10560.0	10608.0
840	10686.0	10576.0
841	10582.0	10460.0
842	10463.0	10298.0
843	10593.0	10445.0
844	10631.0	10487.0
845	10546.0	10500.0
846	10572.0	10397.0
847	10505.0	10425.0
848	10377.0	10405.0
849	10472.0	10453.0
850	10686.0	10289.0
851	10476.0	10480.0
852	10508.0	10452.0
853	10347.0	10370.0
854	10441.0	10389.0
855	10664.0	10398.0
856	10332.0	10354.0
857	10260.0	10422.0
858	10398.0	10326.0
859	10441.0	10327.0
860	10374.0	10100.0
861	10352.0	10175.0
862	10358.0	10054.0
863	10447.0	10284.0
864	10178.0	10208.0
865	10165.0	10266.0
866	10323.0	10168.0
867	10122.0	10006.0
868	10399.0	10210.0
869	10185.0	10001.0
870	10211.0	9964.0
871	10464.0	10234.0
872	10213.0	10067.0
873	10174.0	10027.0
874	10361.0	10114.0
875	10131.0	9923.0
876	10243.0	9972.0
877	9990.0	10104.0
878	10181.0	10074.0
879	9945.0	10023.0
880	10090.0	9940.0
881	9860.0	10134.0
882	9923.0	9930.0
883	10050.0	10006.0
884	10135.0	10056.0
885	10077.0	9830.0
886	10068.0	9894.0
887	10082.0	9873.0
888	9969.0	10028.0
889	9986.0	9978.0
890	10020.0	9886.0
891	9888.0	9886.0
892	10022.0	9821.0
893	9916.0	9960.0
894	9933.0	9756.0
895	9972.0	9865.0
896	9557.0	9906.0
897	9951.0	9678.0
898	9730.0	9736.0
899	9781.0	9646.0
900	9800.0	9853.0
901	9900.0	9684.0
902	9792.0	9577.0
903	9716.0	9702.0
904	9769.0	9608.0
905	9773.0	9793.0
906	9631.0	9578.0
907	9751.0	9501.0
908	9556.0	9546.0
909	9720.0	9685.0
910	9565.0	9655.0
911	9587.0	9488.0
912	9666.0	9524.0
913	9522.0	9435.0
914	9639.0	9523.0
915	9479.0	9658.0
916	9509.0	9567.0
917	9543.0	9458.0
918	9435.0	9424.0
919	9544.0	9499.0
920	9512.0	9379.0
921	9554.0	9534.0
922	9429.0	9352.0
923	9407.0	9331.0
924	9392.0	9245.0
925	9451.0	9296.0
926	9435.0	9306.0
927	9219.0	9325.0
928	9340.0	9471.0
929	9310.0	9377.0
930	9355.0	9151.0
931	9269.0	9264.0
932	9242.0	9361.0
933	9274.0	9245.0
934	9243.0	9287.0
935	9204.0	9248.0
936	9461.0	9313.0
937	9363.0	9375.0
938	9441.0	9115.0
939	9165.0	9225.0
940	9270.0	9224.0
941	9253.0	9204.0
942	9257.0	9123.0
943	9132.0	9218.0
944	9249.0	9039.0
945	9280.0	9022.0
946	9025.0	9088.0
947	9234.0	9051.0
948	9025.0	9201.0
949	9087.0	9065.0
950	8987.0	9083.0
951	9076.0	8906.0
952	9140.0	9219.0
953	9068.0	9130.0
954	9106.0	9190.0
955	8974.0	9131.0
956	9003.0	9129.0
957	9040.0	9000.0
958	8924.0	8900.0
959	8895.0	8894.0
960	8949.0	9073.0
961	9180.0	9033.0
962	9018.0	8859.0
963	9042.0	8952.0
964	9195.0	8866.0
965	9026.0	9000.0
966	8781.0	8676.0
967	8984.0	8970.0
968	9051.0	8978.0
969	8877.0	8911.0
970	8944.0	8985.0
971	8933.0	8979.0
972	9004.0	8913.0
973	8932.0	8883.0
974	8780.0	8861.0
975	8863.0	8786.0
976	8827.0	8958.0
977	8898.0	8876.0
978	8847.0	8727.0
979	8909.0	8643.0
980	8892.0	8878.0
981	8784.0	8937.0
982	8789.0	8773.0
983	8767.0	8717.0
984	8858.0	8733.0
985	8796.0	8786.0
986	8769.0	8811.0
987	8643.0	8680.0
988	8757.0	8587.0
989	8617.0	8635.0
990	8654.0	8840.0
991	8627.0	8705.0
992	8609.0	8515.0
993	8707.0	8635.0
994	8546.0	8677.0
995	8734.0	8608.0
996	8636.0	8732.0
997	8464.0	8786.0
998	8564.0	8445.0
999	8350.0	8585.0
1000	8695.0	8479.0
1001	8459.0	8491.0
1002	8584.0	8524.0
1003	8491.0	8487.0
1004	8602.0	8617.0
1005	8615.0	8437.0
1006	8459.0	8578.0
1007	8498.0	8522.0
1008	8526.0	8444.0
1009	8294.0	8348.0
1010	8452.0	8395.0
1011	8499.0	8438.0
1012	8419.0	8413.0
1013	8365.0	8405.0
1014	8227.0	8456.0
1015	8360.0	8423.0
1016	8403.0	8477.0
1017	8417.0	8102.0
1018	8408.0	8201.0
1019	8229.0	8197.0
1020	8257.0	8328.0
1021	8272.0	8242.0
1022	8232.0	8585.0
1023	8210.0	8115.0
1024	8344.0	8062.0
1025	8205.0	8297.0
1026	8211.0	8174.0
1027	8290.0	8228.0
1028	8179.0	8139.0
1029	8264.0	8143.0
1030	8064.0	8316.0
1031	8172.0	8177.0
1032	8129.0	8147.0
1033	8129.0	8152.0
1034	8110.0	8313.0
1035	8099.0	8121.0
1036	8023.0	7990.0
1037	8229.0	8023.0
1038	8178.0	7941.0
1039	7945.0	8073.0
1040	8025.0	8080.0
1041	8063.0	7932.0
1042	8065.0	7963.0
1043	8079.0	8127.0
1044	7998.0	8014.0
1045	7951.0	7943.0
1046	7864.0	8020.0
1047	7948.0	8013.0
1048	7917.0	8137.0
1049	8020.0	8000.0
1050	8047.0	8103.0
1051	8027.0	8105.0
1052	7860.0	8010.0
1053	7924.0	8046.0
1054	7800.0	8040.0
1055	7867.0	7860.0
1056	7776.0	8010.0
1057	7927.0	7957.0
1058	7773.0	7859.0
1059	8003.0	7713.0
1060	7790.0	7920.0
1061	7791.0	7867.0
1062	7734.0	7950.0
1063	7780.0	7856.0
1064	7650.0	7822.0
1065	7845.0	7688.0
1066	7755.0	7781.0
1067	7839.0	7987.0
1068	7936.0	7778.0
1069	7759.0	7762.0
1070	7646.0	7695.0
1071	7627.0	7705.0
1072	7720.0	7719.0
1073	7721.0	7555.0
1074	7647.0	7852.0
1075	7643.0	7596.0
1076	7724.0	7815.0
1077	7529.0	7728.0
1078	7661.0	7693.0
1079	7754.0	7581.0
1080	7718.0	7714.0
1081	7709.0	7553.0
1082	7450.0	7752.0
1083	7748.0	7592.0
1084	7523.0	7706.0
1085	7529.0	7492.0
1086	7465.0	7439.0
1087	7729.0	7553.0
1088	7431.0	7603.0
1089	7585.0	7632.0
1090	7432.0	7414.0
1091	7659.0	7406.0
1092	7433.0	7561.0
1093	7485.0	7516.0
1094	7361.0	7514.0
1095	7385.0	7458.0
1096	7336.0	7338.0
1097	7451.0	7553.0
1098	7417.0	7332.0
1099	7520.0	7418.0
1100	7274.0	7302.0
1101	7430.0	7463.0
1102	7403.0	7306.0
1103	7430.0	7369.0
1104	7288.0	7426.0
1105	7332.0	7238.0
1106	7407.0	7407.0
1107	7438.0	7511.0
1108	7387.0	7501.0
1109	7197.0	7296.0
1110	7432.0	7336.0
1111	7233.0	7259.0
1112	7410.0	7249.0
1113	7175.0	7352.0
1114	7341.0	7284.0
1115	7218.0	7286.0
1116	7277.0	7333.0
1117	7271.0	7178.0
1118	7249.0	7164.0
1119	7255.0	7231.0
1120	7267.0	7203.0
1121	7306.0	7278.0
1122	7134.0	7193.0
1123	7269.0	7212.0
1124	7285.0	7364.0
1125	7133.0	7216.0
1126	7156.0	7280.0
1127	7035.0	7260.0
1128	7183.0	7092.0
1129	7116.0	7068.0
1130	7125.0	7173.0
1131	7258.0	7171.0
1132	7127.0	7134.0
1133	7155.0	7203.0
1134	7149.0	7225.0
1135	7034.0	7105.0
1136	6955.0	7223.0
1137	7162.0	7112.0
1138	7103.0	7025.0
1139	6916.0	7124.0
1140	7137.0	6961.0
1141	7132.0	6874.0
1142	7154.0	7103.0
1143	6934.0	7150.0
1144	7153.0	7164.0
1145	6994.0	7136.0
1146	7067.0	7074.0
1147	6907.0	7069.0
1148	6883.0	7185.0
1149	6958.0	6913.0
1150	6927.0	7009.0
1151	6838.0	7049.0
1152	6972.0	7101.0
1153	7120.0	6925.0
1154	6847.0	6740.0
1155	6938.0	6956.0
1156	7064.0	6892.0
1157	6767.0	6701.0
1158	6920.0	6757.0
1159	6852.0	6952.0
1160	6727.0	6921.0
1161	6764.0	6887.0
1162	6913.0	6893.0
1163	6851.0	6808.0
1164	6911.0	6706.0
1165	6756.0	6846.0
1166	6731.0	6666.0
1167	6788.0	6718.0
1168	6787.0	6639.0
1169	6698.0	6794.0
1170	6816.0	6742.0
1171	6742.0	6813.0
1172	6763.0	6689.0
1173	6522.0	6657.0
1174	6631.0	6702.0
1175	6686.0	6730.0
1176	6638.0	6792.0
1177	6640.0	6579.0
1178	6782.0	6550.0
1179	6599.0	6659.0
1180	6627.0	6424.0
1181	6611.0	6554.0
1182	6432.0	6637.0
1183	6513.0	6679.0
1184	6649.0	6524.0
1185	6490.0	6440.0
1186	6456.0	6467.0
1187	6504.0	6607.0
1188	6502.0	6621.0
1189	6591.0	6430.0
1190	6474.0	6508.0
1191	6521.0	6557.0
1192	6368.0	6439.0
1193	6629.0	6589.0
1194	6398.0	6465.0
1195	6482.0	6460.0
1196	6600.0	6696.0
1197	6563.0	6599.0
1198	6337.0	6311.0
1199	6422.0	6616.0
1200	6511.0	6637.0
1201	6407.0	6484.0
1202	6460.0	6379.0
1203	6492.0	6332.0
1204	6474.0	6497.0
1205	6328.0	6401.0
1206	6223.0	6436.0
1207	6505.0	6512.0
1208	6268.0	6435.0
1209	6346.0	6459.0
1210	6432.0	6414.0
1211	6380.0	6399.0
1212	6405.0	6416.0
1213	6281.0	6332.0
1214	6146.0	6305.0
1215	6379.0	6384.0
1216	6379.0	6351.0
1217	6384.0	6285.0
1218	6353.0	6250.0
1219	6391.0	6211.0
1220	6287.0	6240.0
1221	6202.0	6274.0
1222	6251.0	6303.0
1223	6306.0	6401.0
1224	6366.0	6370.0
1225	6307.0	6274.0
1226	6391.0	6469.0
1227	6187.0	6258.0
1228	6340.0	6231.0
1229	6144.0	6348.0
1230	6189.0	6284.0
1231	6133.0	6266.0
1232	6131.0	6268.0
1233	6257.0	6169.0
1234	6227.0	6264.0
1235	6125.0	6232.0
1236	6182.0	6333.0
1237	6218.0	6178.0
1238	6187.0	6212.0
1239	6234.0	6148.0
1240	6189.0	6142.0
1241	6213.0	6215.0
1242	6112.0	6307.0
1243	5904.0	6199.0
1244	6152.0	6249.0
1245	5998.0	6240.0
1246	5979.0	6136.0
1247	6042.0	6126.0
1248	6035.0	6279.0
1249	6151.0	6213.0
1250	6044.0	5930.0
1251	5920.0	6127.0
1252	6020.0	6043.0
1253	6049.0	6027.0
1254	5954.0	6074.0
1255	6045.0	5950.0
1256	5924.0	5932.0
1257	6070.0	6018.0
1258	5887.0	5992.0
1259	6146.0	6017.0
1260	5984.0	6006.0
1261	6090.0	5876.0
1262	5927.0	5888.0
1263	5954.0	5777.0
1264	5999.0	5875.0
1265	6095.0	5810.0
1266	5951.0	5996.0
1267	5754.0	5931.0
1268	5969.0	5900.0
1269	5832.0	6018.0
1270	5837.0	5789.0
1271	5786.0	5922.0
1272	5773.0	5856.0
1273	5862.0	5828.0
1274	5607.0	5841.0
1275	5868.0	6029.0
1276	5966.0	5841.0
1277	5756.0	5853.0
1278	5808.0	5884.0
1279	5770.0	5792.0
1280	5685.0	5736.0
1281	5721.0	5787.0
1282	5856.0	5747.0
1283	5786.0	5743.0
1284	5608.0	5783.0
1285	5764.0	5678.0
1286	5839.0	5804.0
1287	5878.0	5691.0
1288	5651.0	5642.0
1289	5716.0	5727.0
1290	5722.0	5662.0
1291	5693.0	5709.0
1292	5694.0	5716.0
1293	5761.0	5705.0
1294	5635.0	5675.0
1295	5705.0	5731.0
1296	5668.0	5707.0
1297	5715.0	5583.0
1298	5704.0	5799.0
1299	5618.0	5680.0
1300	5549.0	5566.0
1301	5677.0	5607.0
1302	5735.0	5604.0
1303	5622.0	5738.0
1304	5547.0	5672.0
1305	5592.0	5684.0
1306	5679.0	5632.0
1307	5484.0	5589.0
1308	5569.0	5602.0
1309	5681.0	5690.0
1310	5525.0	5576.0
1311	5567.0	5600.0
1312	5610.0	5675.0
1313	5618.0	5571.0
1314	5570.0	5492.0
1315	5562.0	5687.0
1316	5538.0	5573.0
1317	5560.0	5524.0
1318	5442.0	5510.0
1319	5472.0	5624.0
1320	5510.0	5535.0
1321	5546.0	5449.0
1322	5597.0	5451.0
1323	5391.0	5403.0
1324	5488.0	5309.0
1325	5469.0	5597.0
1326	5401.0	5569.0
1327	5527.0	5519.0
1328	5512.0	5606.0
1329	5473.0	5398.0
1330	5406.0	5507.0
1331	5415.0	5386.0
1332	5340.0	5515.0
1333	5403.0	5490.0
1334	5368.0	5343.0
1335	5401.0	5344.0
1336	5411.0	5412.0
1337	5509.0	5366.0
1338	5459.0	5420.0
1339	5249.0	5419.0
1340	5441.0	5322.0
1341	5314.0	5224.0
1342	5387.0	5306.0
1343	5346.0	5309.0
1344	5342.0	5279.0
1345	5384.0	5369.0
1346	5385.0	5312.0
1347	5313.0	5281.0
1348	5389.0	5258.0
1349	5089.0	5172.0
1350	5221.0	5326.0
1351	5231.0	5170.0
1352	5310.0	5316.0
1353	5192.0	5193.0
1354	5230.0	5343.0
1355	5210.0	5355.0
1356	5185.0	5219.0
1357	5270.0	5192.0
1358	5290.0	5287.0
1359	5237.0	5117.0
1360	5046.0	5230.0
1361	5277.0	5142.0
1362	5257.0	5239.0
1363	5222.0	5219.0
1364	5035.0	5185.0
1365	5295.0	5138.0
1366	5389.0	5228.0
1367	5206.0	5139.0
1368	5104.0	5158.0
1369	5161.0	5013.0
1370	5194.0	5216.0
1371	4978.0	5112.0
1372	5017.0	5109.0
1373	5106.0	5250.0
1374	5180.0	5172.0
1375	5216.0	5280.0
1376	5017.0	5164.0
1377	5182.0	5134.0
1378	5162.0	5108.0
1379	5014.0	5129.0
1380	5149.0	4987.0
1381	5196.0	5039.0
1382	5223.0	5123.0
1383	5034.0	5075.0
1384	4910.0	5142.0
1385	5003.0	4935.0
1386	5060.0	5031.0
1387	5053.0	5085.0
1388	5060.0	5109.0
1389	4990.0	4916.0
1390	4969.0	4997.0
1391	4987.0	4877.0
1392	5045.0	5215.0
1393	5154.0	5017.0
1394	5109.0	4992.0
1395	5009.0	5033.0
1396	5142.0	4967.0
1397	4877.0	4987.0
1398	4938.0	4997.0
1399	4938.0	4842.0
1400	4995.0	4946.0
1401	4919.0	4983.0
1402	5027.0	5082.0
1403	4937.0	5023.0
1404	5081.0	5138.0
1405	4881.0	4999.0
1406	4845.0	4802.0
1407	4907.0	4881.0
1408	5002.0	4850.0
1409	4758.0	4791.0
1410	4913.0	4798.0
1411	4857.0	4877.0
1412	4759.0	4921.0
1413	4800.0	4808.0
1414	4846.0	4865.0
1415	4895.0	4797.0
1416	4723.0	4884.0
1417	4896.0	4795.0
1418	4859.0	4833.0
1419	4798.0	4794.0
1420	4850.0	4864.0
1421	4846.0	4805.0
1422	4876.0	4831.0
1423	4803.0	4817.0
1424	4813.0	4775.0
1425	4784.0	4831.0
1426	4748.0	4661.0
1427	4741.0	4756.0
1428	4730.0	4680.0
1429	4655.0	4744.0
1430	4571.0	4779.0
1431	4754.0	4730.0
1432	4710.0	4697.0
1433	4731.0	4738.0
1434	4640.0	4584.0
1435	4670.0	4768.0
1436	4691.0	4657.0
1437	4715.0	4685.0
1438	4566.0	4599.0
1439	4508.0	4639.0
1440	4731.0	4634.0
1441	4661.0	4635.0
1442	4640.0	4675.0
1443	4668.0	4667.0
1444	4639.0	4646.0
1445	4562.0	4690.0
1446	4580.0	4525.0
1447	4606.0	4718.0
1448	4636.0	4699.0
1449	4501.0	4630.0
1450	4728.0	4590.0
1451	4619.0	4714.0
1452	4610.0	4636.0
1453	4589.0	4449.0
1454	4462.0	4665.0
1455	4547.0	4505.0
1456	4585.0	4622.0
1457	4493.0	4604.0
1458	4612.0	4615.0
1459	4584.0	4559.0
1460	4593.0	4503.0
1461	4646.0	4692.0
1462	4502.0	4630.0
1463	4553.0	4500.0
1464	4507.0	4661.0
1465	4461.0	4521.0
1466	4487.0	4574.0
1467	4561.0	4452.0
1468	4575.0	4524.0
1469	4522.0	4375.0
1470	4392.0	4455.0
1471	4531.0	4411.0
1472	4472.0	4607.0
1473	4488.0	4425.0
1474	4373.0	4545.0
1475	4337.0	4431.0
1476	4356.0	4448.0
1477	4419.0	4513.0
1478	4467.0	4478.0
1479	4382.0	4446.0
1480	4343.0	4510.0
1481	4501.0	4492.0
1482	4412.0	4463.0
1483	4567.0	4498.0
1484	4408.0	4381.0
1485	4536.0	4503.0
1486	4342.0	4450.0
1487	4384.0	4305.0
1488	4362.0	4411.0
1489	4370.0	4406.0
1490	4459.0	4564.0
1491	4351.0	4420.0
1492	4382.0	4418.0
1493	4358.0	4491.0
1494	4410.0	4301.0
1495	4375.0	4384.0
1496	4370.0	4391.0
1497	4358.0	4425.0
1498	4298.0	4317.0
1499	4257.0	4398.0
1500	4341.0	4408.0
1501	4323.0	4321.0
1502	4307.0	4268.0
1503	4290.0	4358.0
1504	4404.0	4300.0
1505	4352.0	4313.0
1506	4289.0	4277.0
1507	4281.0	4254.0
1508	4386.0	4311.0
1509	4287.0	4395.0
1510	4238.0	4334.0
1511	4294.0	4181.0
1512	4230.0	4225.0
1513	4237.0	4177.0
1514	4171.0	4317.0
1515	4227.0	4235.0
1516	4177.0	4289.0
1517	4245.0	4283.0
1518	4216.0	4352.0
1519	4229.0	4256.0
1520	4119.0	4206.0
1521	4157.0	4278.0
1522	4089.0	4159.0
1523	4104.0	4196.0
1524	4184.0	4187.0
1525	4204.0	4114.0
1526	4231.0	4202.0
1527	4191.0	4212.0
1528	4198.0	4204.0
1529	4117.0	4090.0
1530	4153.0	4143.0
1531	4264.0	4132.0
1532	4143.0	4099.0
1533	4155.0	4104.0
1534	4155.0	4050.0
1535	4133.0	4048.0
1536	4077.0	4049.0
1537	4126.0	4186.0
1538	4167.0	4133.0
1539	4102.0	4100.0
1540	4188.0	4066.0
1541	4079.0	4111.0
1542	4176.0	4155.0
1543	4089.0	4090.0
1544	4056.0	4112.0
1545	4047.0	4065.0
1546	4098.0	3992.0
1547	3968.0	4082.0
1548	4055.0	4151.0
1549	4106.0	4071.0
1550	4096.0	4018.0
1551	4066.0	3991.0
1552	3943.0	3970.0
1553	4081.0	3945.0
1554	4081.0	3931.0
1555	4106.0	3923.0
1556	4108.0	4019.0
1557	3963.0	3992.0
1558	3947.0	3946.0
1559	4036.0	4089.0
1560	3973.0	3975.0
1561	4068.0	3926.0
1562	3896.0	3958.0
1563	3905.0	3958.0
1564	3943.0	3951.0
1565	3918.0	3964.0
1566	4026.0	3901.0
1567	3971.0	3825.0
1568	4000.0	3931.0
1569	3880.0	4044.0
1570	3944.0	3947.0
1571	3985.0	4010.0
1572	3956.0	3993.0
1573	3928.0	3990.0
1574	3984.0	3925.0
1575	3865.0	3805.0
1576	3920.0	3906.0
1577	3891.0	3972.0
1578	3842.0	3864.0
1579	3895.0	3983.0
1580	3929.0	3885.0
1581	3949.0	3918.0
1582	3947.0	3908.0
1583	3879.0	3964.0
1584	3824.0	3817.0
1585	3825.0	3848.0
1586	3892.0	3872.0
1587	3910.0	3815.0
1588	3859.0	3887.0
1589	3869.0	3871.0
1590	3784.0	3839.0
1591	3809.0	3784.0
1592	3747.0	3750.0
1593	3816.0	3794.0
1594	3770.0	3736.0
1595	3789.0	3851.0
1596	3741.0	3866.0
1597	3791.0	3904.0
1598	3717.0	3776.0
1599	3719.0	3682.0
1600	3785.0	3670.0
1601	3738.0	3837.0
1602	3789.0	3706.0
1603	3834.0	3738.0
1604	3770.0	3832.0
1605	3743.0	3772.0
1606	3721.0	3669.0
1607	3742.0	3629.0
1608	3741.0	3779.0
1609	3774.0	3696.0
1610	3716.0	3744.0
1611	3810.0	3647.0
1612	3811.0	3711.0
1613	3746.0	3772.0
1614	3681.0	3712.0
1615	3711.0	3640.0
1616	3582.0	3680.0
1617	3603.0	3708.0
1618	3698.0	3693.0
1619	3734.0	3646.0
1620	3750.0	3723.0
1621	3730.0	3753.0
1622	3616.0	3693.0
1623	3632.0	3719.0
1624	3695.0	3666.0
1625	3763.0	3718.0
1626	3640.0	3649.0
1627	3725.0	3669.0
1628	3732.0	3664.0
1629	3799.0	3610.0
1630	3765.0	3680.0
1631	3613.0	3645.0
1632	3643.0	3714.0
1633	3570.0	3509.0
1634	3594.0	3777.0
1635	3597.0	3548.0
1636	3624.0	3589.0
1637	3547.0	3689.0
1638	3500.0	3642.0
1639	3723.0	3702.0
1640	3615.0	3581.0
1641	3668.0	3543.0
1642	3628.0	3607.0
1643	3651.0	3483.0
1644	3642.0	3535.0
1645	3489.0	3592.0
1646	3599.0	3426.0
1647	3540.0	3498.0
1648	3573.0	3604.0
1649	3562.0	3520.0
1650	3605.0	3478.0
1651	3489.0	3511.0
1652	3568.0	3705.0
1653	3622.0	3581.0
1654	3432.0	3564.0
1655	3564.0	3460.0
1656	3569.0	3566.0
1657	3557.0	3610.0
1658	3495.0	3552.0
1659	3501.0	3501.0
1660	3521.0	3521.0
1661	3511.0	3641.0
1662	3535.0	3595.0
1663	3443.0	3480.0
1664	3518.0	3491.0
1665	3497.0	3396.0
1666	3421.0	3498.0
1667	3497.0	3643.0
1668	3562.0	3486.0
1669	3468.0	3473.0
1670	3402.0	3433.0
1671	3552.0	3543.0
1672	3455.0	3513.0
1673	3443.0	3473.0
1674	3490.0	3535.0
1675	3405.0	3520.0
1676	3407.0	3486.0
1677	3495.0	3469.0
1678	3486.0	3345.0
1679	3488.0	3516.0
1680	3437.0	3374.0
1681	3437.0	3446.0
1682	3329.0	3445.0
1683	3361.0	3277.0
1684	3369.0	3465.0
1685	3363.0	3356.0
1686	3261.0	3413.0
1687	3466.0	3340.0
1688	3402.0	3482.0
1689	3365.0	3326.0
1690	3362.0	3333.0
1691	3365.0	3389.0
1692	3423.0	3434.0
1693	3472.0	3320.0
1694	3243.0	3481.0
1695	3254.0	3422.0
1696	3257.0	3463.0
1697	3256.0	3367.0
1698	3380.0	3427.0
1699	3459.0	3321.0
1700	3305.0	3386.0
1701	3285.0	3277.0
1702	3239.0	3415.0
1703	3376.0	3396.0
1704	3265.0	3335.0
1705	3361.0	3349.0
1706	3365.0	3319.0
1707	3284.0	3292.0
1708	3220.0	3386.0
1709	3334.0	3412.0
1710	3209.0	3362.0
1711	3347.0	3329.0
1712	3265.0	3225.0
1713	3200.0	3225.0
1714	3323.0	3385.0
1715	3247.0	3277.0
1716	3285.0	3219.0
1717	3216.0	3291.0
1718	3181.0	3225.0
1719	3269.0	3216.0
1720	3284.0	3194.0
1721	3287.0	3273.0
1722	3288.0	3243.0
1723	3244.0	3169.0
1724	3166.0	3174.0
1725	3136.0	3153.0
1726	3192.0	3246.0
1727	3292.0	3262.0
1728	3145.0	3215.0
1729	3226.0	3132.0
1730	3179.0	3178.0
1731	3191.0	3235.0
1732	3151.0	3183.0
1733	3180.0	3243.0
1734	3234.0	3215.0
1735	3232.0	3207.0
1736	3197.0	3101.0
1737	3095.0	3153.0
1738	3284.0	3086.0
1739	3145.0	3153.0
1740	3260.0	3138.0
1741	3124.0	3246.0
1742	3118.0	3133.0
1743	3152.0	3078.0
1744	3093.0	3115.0
1745	3195.0	3023.0
1746	3134.0	3162.0
1747	3157.0	3137.0
1748	3137.0	3154.0
1749	3160.0	3154.0
1750	3140.0	3028.0
1751	3184.0	3180.0
1752	3150.0	3152.0
1753	3214.0	3115.0
1754	3099.0	3041.0
1755	3028.0	3173.0
1756	3062.0	3004.0
1757	3060.0	3066.0
1758	3122.0	3101.0
1759	3094.0	2995.0
1760	3013.0	3143.0
1761	3014.0	3104.0
1762	3053.0	3080.0
1763	3226.0	2970.0
1764	3085.0	3061.0
1765	3074.0	3178.0
1766	3207.0	3005.0
1767	3027.0	3014.0
1768	3058.0	3161.0
1769	3065.0	3022.0
1770	3068.0	3058.0
1771	3106.0	3111.0
1772	2934.0	3007.0
1773	3086.0	3005.0
1774	3060.0	3117.0
1775	3014.0	3060.0
1776	2976.0	2996.0
1777	3033.0	3024.0
1778	3088.0	3087.0
1779	2920.0	3048.0
1780	2980.0	3075.0
1781	3004.0	2981.0
1782	3023.0	2997.0
1783	2936.0	2985.0
1784	3001.0	2906.0
1785	2878.0	2933.0
1786	3000.0	3063.0
1787	2984.0	2932.0
1788	2954.0	2985.0
1789	2947.0	2991.0
1790	2916.0	2900.0
1791	2915.0	2995.0
1792	2905.0	2921.0
1793	3007.0	2951.0
1794	2981.0	2968.0
1795	2902.0	2949.0
1796	2861.0	2965.0
1797	2919.0	2962.0
1798	2872.0	2847.0
1799	2926.0	2923.0
1800	2890.0	2811.0
1801	2891.0	3012.0
1802	2995.0	2836.0
1803	2839.0	2843.0
1804	2877.0	2967.0
1805	2883.0	2865.0
1806	2978.0	2866.0
1807	2896.0	2867.0
1808	2923.0	2897.0
1809	2897.0	2855.0
1810	2826.0	2835.0
1811	2918.0	2906.0
1812	2962.0	2824.0
1813	2866.0	2764.0
1814	2792.0	2864.0
1815	2866.0	2918.0
1816	2839.0	2876.0
1817	2878.0	2793.0
1818	2850.0	2862.0
1819	2906.0	2849.0
1820	2846.0	2866.0
1821	2829.0	2913.0
1822	2810.0	2820.0
1823	2897.0	2769.0
1824	2842.0	2837.0
1825	2849.0	2782.0
1826	2853.0	2834.0
1827	2840.0	2838.0
1828	2912.0	2803.0
1829	2819.0	2831.0
1830	2838.0	2848.0
1831	2921.0	2920.0
1832	2671.0	2830.0
1833	2799.0	2794.0
1834	2740.0	2798.0
1835	2850.0	2761.0
1836	2830.0	2773.0
1837	2701.0	2851.0
1838	2759.0	2747.0
1839	2785.0	2762.0
1840	2875.0	2750.0
1841	2693.0	2776.0
1842	2692.0	2803.0
1843	2843.0	2816.0
1844	2753.0	2719.0
1845	2847.0	2781.0
1846	2757.0	2755.0
1847	2720.0	2733.0
1848	2796.0	2810.0
1849	2785.0	2726.0
1850	2768.0	2712.0
1851	2788.0	2683.0
1852	2834.0	2786.0
1853	2794.0	2701.0
1854	2745.0	2816.0
1855	2691.0	2729.0
1856	2849.0	2763.0
1857	2662.0	2763.0
1858	2717.0	2835.0
1859	2661.0	2719.0
1860	2841.0	2689.0
1861	2766.0	2668.0
1862	2745.0	2636.0
1863	2695.0	2650.0
1864	2637.0	2642.0
1865	2597.0	2731.0
1866	2659.0	2708.0
1867	2598.0	2729.0
1868	2765.0	2636.0
1869	2626.0	2702.0
1870	2649.0	2623.0
1871	2711.0	2698.0
1872	2769.0	2641.0
1873	2740.0	2658.0
1874	2713.0	2593.0
1875	2707.0	2668.0
1876	2681.0	2773.0
1877	2739.0	2565.0
1878	2720.0	2695.0
1879	2662.0	2671.0
1880	2617.0	2617.0
1881	2719.0	2671.0
1882	2658.0	2624.0
1883	2677.0	2686.0
1884	2556.0	2619.0
1885	2678.0	2599.0
1886	2661.0	2577.0
1887	2692.0	2598.0
1888	2684.0	2683.0
1889	2605.0	2589.0
1890	2565.0	2606.0
1891	2654.0	2621.0
1892	2558.0	2582.0
1893	2616.0	2558.0
1894	2584.0	2621.0
1895	2623.0	2497.0
1896	2651.0	2549.0
1897	2601.0	2589.0
1898	2561.0	2647.0
1899	2636.0	2547.0
1900	2625.0	2524.0
1901	2571.0	2590.0
1902	2526.0	2634.0
1903	2640.0	2557.0
1904	2533.0	2520.0
1905	2576.0	2424.0
1906	2614.0	2605.0
1907	2505.0	2593.0
1908	2500.0	2524.0
1909	2465.0	2538.0
1910	2558.0	2611.0
1911	2553.0	2562.0
1912	2576.0	2600.0
1913	2501.0	2509.0
1914	2486.0	2500.0
1915	2433.0	2626.0
1916	2550.0	2551.0
1917	2565.0	2456.0
1918	2528.0	2472.0
1919	2558.0	2529.0
1920	2514.0	2533.0
1921	2559.0	2463.0
1922	2530.0	2581.0
1923	2532.0	2559.0
1924	2567.0	2504.0
1925	2419.0	2468.0
1926	2534.0	2470.0
1927	2536.0	2464.0
1928	2506.0	2512.0
1929	2491.0	2485.0
1930	2407.0	2475.0
1931	2478.0	2505.0
1932	2436.0	2420.0
1933	2608.0	2504.0
1934	2411.0	2536.0
1935	2526.0	2471.0
1936	2518.0	2406.0
1937	2444.0	2528.0
1938	2451.0	2445.0
1939	2456.0	2463.0
1940	2486.0	2496.0
1941	2487.0	2457.0
1942	2438.0	2498.0
1943	2416.0	2532.0
1944	2375.0	2425.0
1945	2468.0	2491.0
1946	2516.0	2498.0
1947	2471.0	2442.0
1948	2411.0	2382.0
1949	2408.0	2550.0
1950	2470.0	2401.0
1951	2421.0	2343.0
1952	2382.0	2466.0
1953	2360.0	2529.0
1954	2329.0	2313.0
1955	2410.0	2364.0
1956	2418.0	2391.0
1957	2381.0	2447.0
1958	2378.0	2306.0
1959	2406.0	2386.0
1960	2412.0	2400.0
1961	2375.0	2368.0
1962	2441.0	2375.0
1963	2436.0	2378.0
1964	2296.0	2381.0
1965	2370.0	2413.0
1966	2398.0	2403.0
1967	2430.0	2398.0
1968	2327.0	2391.0
1969	2348.0	2406.0
1970	2397.0	2376.0
1971	2367.0	2328.0
1972	2384.0	2393.0
1973	2410.0	2348.0
1974	2453.0	2355.0
1975	2381.0	2312.0
1976	2395.0	2321.0
1977	2371.0	2355.0
1978	2276.0	2299.0
1979	2373.0	2363.0
1980	2295.0	2309.0
1981	2330.0	2246.0
1982	2262.0	2356.0
1983	2313.0	2213.0
1984	2298.0	2340.0
1985	2271.0	2350.0
1986	2384.0	2265.0
1987	2263.0	2431.0
1988	2307.0	2385.0
1989	2264.0	2358.0
1990	2314.0	2261.0
1991	2275.0	2303.0
1992	2233.0	2339.0
1993	2304.0	2370.0
1994	2310.0	2300.0
1995	2306.0	2330.0
1996	2382.0	2390.0
1997	2214.0	2308.0
1998	2317.0	2230.0
1999	2265.0	2251.0
2000	2262.0	2275.0
2001	2254.0	2312.0
2002	2235.0	2278.0
2003	2247.0	2193.0
2004	2286.0	2325.0
2005	2231.0	2177.0
2006	2242.0	2189.0
2007	2305.0	2280.0
2008	2268.0	2314.0
2009	2292.0	2219.0
2010	2271.0	2318.0
2011	2284.0	2199.0
2012	2175.0	2300.0
2013	2286.0	2349.0
2014	2231.0	2288.0
2015	2208.0	2374.0
2016	2200.0	2275.0
2017	2273.0	2297.0
2018	2197.0	2176.0
2019	2240.0	2349.0
2020	2158.0	2318.0
2021	2248.0	2190.0
2022	2221.0	2228.0
2023	2169.0	2240.0
2024	2180.0	2247.0
2025	2194.0	2106.0
2026	2227.0	2215.0
2027	2282.0	2191.0
2028	2154.0	2142.0
2029	2228.0	2149.0
2030	2182.0	2275.0
2031	2267.0	2222.0
2032	2165.0	2198.0
2033	2178.0	2225.0
2034	2218.0	2197.0
2035	2166.0	2164.0
2036	2262.0	2183.0
2037	2193.0	2175.0
2038	2220.0	2234.0
2039	2151.0	2151.0
2040	2130.0	2212.0
2041	2263.0	2124.0
2042	2207.0	2234.0
2043	2198.0	2146.0
2044	2100.0	2163.0
2045	2062.0	2206.0
2046	2216.0	2208.0
2047	2145.0	2173.0
2048	2183.0	2128.0
2049	2198.0	2131.0
2050	2302.0	2144.0
2051	2123.0	2060.0
2052	2051.0	2175.0
2053	2120.0	2134.0
2054	2060.0	2145.0
2055	2041.0	2135.0
2056	2133.0	2155.0
2057	2105.0	2096.0
2058	2056.0	2138.0
2059	2096.0	2165.0
2060	2089.0	2193.0
2061	2118.0	2110.0
2062	2117.0	2175.0
2063	2144.0	2081.0
2064	2202.0	2106.0
2065	2015.0	2124.0
2066	2088.0	2115.0
2067	2091.0	2141.0
2068	1998.0	2127.0
2069	2107.0	2048.0
2070	2172.0	2110.0
2071	2058.0	2125.0
2072	2121.0	2127.0
2073	2081.0	2135.0
2074	2099.0	2121.0
2075	2060.0	2102.0
2076	2026.0	2070.0
2077	2172.0	2149.0
2078	2112.0	2090.0
2079	2047.0	2130.0
2080	2024.0	2059.0
2081	1988.0	2031.0
2082	2078.0	2067.0
2083	2101.0	2069.0
2084	2051.0	2090.0
2085	2013.0	2080.0
2086	2046.0	2107.0
2087	2031.0	2078.0
2088	2076.0	2028.0
2089	2104.0	2098.0
2090	2075.0	2039.0
2091	2098.0	1941.0
2092	1978.0	2063.0
2093	2051.0	2106.0
2094	2114.0	1962.0
2095	2032.0	2084.0
2096	2038.0	2122.0
2097	1989.0	2075.0
2098	1976.0	2029.0
2099	2045.0	1996.0
2100	1984.0	2016.0
2101	1994.0	2059.0
2102	2018.0	2095.0
2103	2076.0	2050.0
2104	2000.0	1929.0
2105	2042.0	1995.0
2106	2048.0	2042.0
2107	2050.0	2010.0
2108	1955.0	1968.0
2109	2024.0	2066.0
2110	2035.0	2049.0
2111	2022.0	2003.0
2112	1964.0	2012.0
2113	2025.0	2064.0
2114	1950.0	1910.0
2115	1990.0	1877.0
2116	1966.0	2013.0
2117	1997.0	1997.0
2118	1966.0	1995.0
2119	1963.0	1953.0
2120	1990.0	2051.0
2121	1918.0	1952.0
2122	1965.0	1957.0
2123	1924.0	1956.0
2124	1959.0	1981.0
2125	1942.0	1957.0
2126	1884.0	1991.0
2127	1992.0	1933.0
2128	2009.0	1927.0
2129	1900.0	1905.0
2130	2039.0	1995.0
2131	1972.0	1959.0
2132	1978.0	1857.0
2133	1978.0	1936.0
2134	1847.0	1845.0
2135	1927.0	1846.0
2136	2012.0	1866.0
2137	1880.0	1896.0
2138	1924.0	1968.0
2139	1898.0	1827.0
2140	1970.0	1912.0
2141	1868.0	1888.0
2142	1933.0	1909.0
2143	1954.0	1846.0
2144	1983.0	1904.0
2145	1917.0	1923.0
2146	1835.0	1880.0
2147	1907.0	1951.0
2148	1916.0	1950.0
2149	1926.0	1852.0
2150	1908.0	1914.0
2151	1833.0	1957.0
2152	1898.0	1782.0
2153	1897.0	1855.0
2154	1826.0	1900.0
2155	1904.0	1846.0
2156	1889.0	1840.0
2157	1879.0	1853.0
2158	1810.0	1858.0
2159	1883.0	1926.0
2160	1905.0	1866.0
2161	1852.0	1850.0
2162	1829.0	1838.0
2163	1970.0	1873.0
2164	1814.0	1904.0
2165	1923.0	1859.0
2166	1874.0	1840.0
2167	1850.0	1846.0
2168	1979.0	1877.0
2169	1898.0	1844.0
2170	1896.0	1799.0
2171	1778.0	1890.0
2172	1823.0	1907.0
2173	1753.0	1817.0
2174	1814.0	1802.0
2175	1867.0	1807.0
2176	1785.0	1841.0
2177	1912.0	1834.0
2178	1876.0	1758.0
2179	1909.0	1792.0
2180	1780.0	1801.0
2181	1835.0	1926.0
2182	1810.0	1867.0
2183	1798.0	1842.0
2184	1883.0	1828.0
2185	1818.0	1824.0
2186	1814.0	1893.0
2187	1805.0	1788.0
2188	1788.0	1864.0
2189	1835.0	1867.0
2190	1839.0	1767.0
2191	1715.0	1726.0
2192	1819.0	1770.0
2193	1813.0	1788.0
2194	1834.0	1830.0
2195	1872.0	1905.0
2196	1777.0	1804.0
2197	1829.0	1792.0
2198	1793.0	1781.0
2199	1806.0	1785.0
2200	1898.0	1767.0
2201	1789.0	1805.0
2202	1845.0	1705.0
2203	1745.0	1706.0
2204	1779.0	1770.0
2205	1823.0	1792.0
2206	1811.0	1686.0
2207	1810.0	1771.0
2208	1732.0	1802.0
2209	1831.0	1779.0
2210	1766.0	1771.0
2211	1735.0	1836.0
2212	1752.0	1813.0
2213	1719.0	1806.0
2214	1817.0	1799.0
2215	1803.0	1745.0
2216	1809.0	1718.0
2217	1799.0	1825.0
2218	1735.0	1793.0
2219	1778.0	1745.0
2220	1742.0	1682.0
2221	1747.0	1738.0
2222	1777.0	1706.0
2223	1738.0	1726.0
2224	1756.0	1681.0
2225	1744.0	1762.0
2226	1703.0	1816.0
2227	1746.0	1682.0
2228	1714.0	1735.0
2229	1740.0	1675.0
2230	1770.0	1734.0
2231	1720.0	1769.0
2232	1731.0	1712.0
2233	1743.0	1649.0
2234	1745.0	1656.0
2235	1677.0	1714.0
2236	1763.0	1678.0
2237	1733.0	1720.0
2238	1666.0	1644.0
2239	1744.0	1670.0
2240	1752.0	1663.0
2241	1702.0	1659.0
2242	1718.0	1634.0
2243	1660.0	1640.0
2244	1666.0	1656.0
2245	1730.0	1691.0
2246	1693.0	1694.0
2247	1618.0	1721.0
2248	1754.0	1692.0
2249	1675.0	1723.0
2250	1705.0	1653.0
2251	1741.0	1663.0
2252	1692.0	1656.0
2253	1636.0	1654.0
2254	1676.0	1630.0
2255	1756.0	1643.0
2256	1674.0	1631.0
2257	1695.0	1667.0
2258	1661.0	1681.0
2259	1680.0	1701.0
2260	1762.0	1670.0
2261	1673.0	1621.0
2262	1676.0	1659.0
2263	1650.0	1616.0
2264	1638.0	1716.0
2265	1691.0	1619.0
2266	1590.0	1658.0
2267	1747.0	1601.0
2268	1680.0	1589.0
2269	1620.0	1681.0
2270	1631.0	1635.0
2271	1613.0	1621.0
2272	1620.0	1687.0
2273	1700.0	1662.0
2274	1615.0	1657.0
2275	1634.0	1641.0
2276	1629.0	1620.0
2277	1647.0	1644.0
2278	1608.0	1635.0
2279	1612.0	1621.0
2280	1626.0	1729.0
2281	1648.0	1656.0
2282	1648.0	1608.0
2283	1633.0	1705.0
2284	1656.0	1592.0
2285	1610.0	1602.0
2286	1642.0	1525.0
2287	1676.0	1572.0
2288	1627.0	1610.0
2289	1612.0	1605.0
2290	1656.0	1613.0
2291	1645.0	1624.0
2292	1675.0	1597.0
2293	1615.0	1630.0
2294	1631.0	1570.0
2295	1641.0	1633.0
2296	1620.0	1586.0
2297	1622.0	1615.0
2298	1627.0	1568.0
2299	1652.0	1581.0
2300	1672.0	1663.0
2301	1623.0	1652.0
2302	1650.0	1570.0
2303	1566.0	1639.0
2304	1661.0	1569.0
2305	1493.0	1503.0
2306	1543.0	1684.0
2307	1583.0	1665.0
2308	1570.0	1537.0
2309	1558.0	1645.0
2310	1573.0	1527.0
2311	1621.0	1530.0
2312	1575.0	1569.0
2313	1621.0	1587.0
2314	1576.0	1513.0
2315	1591.0	1547.0
2316	1567.0	1610.0
2317	1526.0	1526.0
2318	1604.0	1615.0
2319	1591.0	1537.0
2320	1502.0	1493.0
2321	1628.0	1556.0
2322	1498.0	1572.0
2323	1597.0	1524.0
2324	1468.0	1556.0
2325	1525.0	1521.0
2326	1591.0	1518.0
2327	1566.0	1543.0
2328	1511.0	1488.0
2329	1545.0	1513.0
2330	1535.0	1565.0
2331	1507.0	1437.0
2332	1512.0	1529.0
2333	1525.0	1541.0
2334	1522.0	1562.0
2335	1531.0	1496.0
2336	1546.0	1535.0
2337	1494.0	1468.0
2338	1476.0	1540.0
2339	1491.0	1547.0
2340	1462.0	1523.0
2341	1490.0	1495.0
2342	1460.0	1526.0
2343	1542.0	1577.0
2344	1530.0	1508.0
2345	1531.0	1518.0
2346	1530.0	1496.0
2347	1503.0	1569.0
2348	1539.0	1530.0
2349	1604.0	1512.0
2350	1463.0	1446.0
2351	1425.0	1495.0
2352	1533.0	1412.0
2353	1439.0	1479.0
2354	1515.0	1454.0
2355	1588.0	1466.0
2356	1491.0	1433.0
2357	1552.0	1582.0
2358	1568.0	1542.0
2359	1448.0	1452.0
2360	1478.0	1480.0
2361	1525.0	1456.0
2362	1575.0	1486.0
2363	1466.0	1543.0
2364	1507.0	1421.0
2365	1462.0	1429.0
2366	1463.0	1499.0
2367	1422.0	1520.0
2368	1384.0	1498.0
2369	1478.0	1448.0
2370	1470.0	1433.0
2371	1460.0	1394.0
2372	1449.0	1433.0
2373	1489.0	1393.0
2374	1438.0	1432.0
2375	1473.0	1418.0
2376	1497.0	1484.0
2377	1487.0	1422.0
2378	1472.0	1454.0
2379	1456.0	1478.0
2380	1417.0	1400.0
2381	1438.0	1426.0
2382	1428.0	1442.0
2383	1500.0	1482.0
2384	1439.0	1382.0
2385	1365.0	1425.0
2386	1465.0	1444.0
2387	1422.0	1439.0
2388	1424.0	1429.0
2389	1404.0	1394.0
2390	1419.0	1438.0
2391	1512.0	1462.0
2392	1470.0	1444.0
2393	1497.0	1375.0
2394	1420.0	1464.0
2395	1406.0	1474.0
2396	1493.0	1340.0
2397	1471.0	1508.0
2398	1420.0	1432.0
2399	1414.0	1433.0
2400	1418.0	1464.0
2401	1461.0	1401.0
2402	1438.0	1370.0
2403	1429.0	1419.0
2404	1317.0	1395.0
2405	1448.0	1443.0
2406	1373.0	1436.0
2407	1382.0	1355.0
2408	1441.0	1452.0
2409	1404.0	1430.0
2410	1358.0	1390.0
2411	1455.0	1397.0
2412	1397.0	1410.0
2413	1420.0	1362.0
2414	1445.0	1346.0
2415	1404.0	1390.0
2416	1411.0	1369.0
2417	1375.0	1433.0
2418	1336.0	1382.0
2419	1374.0	1371.0
2420	1421.0	1415.0
2421	1382.0	1365.0
2422	1330.0	1325.0
2423	1348.0	1406.0
2424	1320.0	1373.0
2425	1377.0	1300.0
2426	1381.0	1382.0
2427	1350.0	1301.0
2428	1313.0	1377.0
2429	1302.0	1309.0
2430	1371.0	1302.0
2431	1396.0	1384.0
2432	1335.0	1331.0
2433	1375.0	1385.0
2434	1379.0	1348.0
2435	1346.0	1302.0
2436	1323.0	1401.0
2437	1368.0	1375.0
2438	1345.0	1261.0
2439	1384.0	1331.0
2440	1337.0	1335.0
2441	1298.0	1348.0
2442	1356.0	1341.0
2443	1359.0	1313.0
2444	1344.0	1386.0
2445	1383.0	1309.0
2446	1409.0	1331.0
2447	1358.0	1350.0
2448	1358.0	1353.0
2449	1395.0	1322.0
2450	1300.0	1298.0
2451	1286.0	1319.0
2452	1342.0	1350.0
2453	1355.0	1317.0
2454	1307.0	1332.0
2455	1341.0	1318.0
2456	1344.0	1314.0
2457	1359.0	1290.0
2458	1280.0	1311.0
2459	1236.0	1270.0
2460	1306.0	1255.0
2461	1294.0	1369.0
2462	1252.0	1314.0
2463	1317.0	1315.0
2464	1310.0	1321.0
2465	1302.0	1294.0
2466	1324.0	1274.0
2467	1348.0	1343.0
2468	1312.0	1353.0
2469	1305.0	1320.0
2470	1336.0	1328.0
2471	1302.0	1252.0
2472	1352.0	1273.0
2473	1360.0	1332.0
2474	1342.0	1281.0
2475	1359.0	1235.0
2476	1324.0	1287.0
2477	1371.0	1256.0
2478	1322.0	1287.0
2479	1276.0	1281.0
2480	1320.0	1294.0
2481	1307.0	1315.0
2482	1368.0	1241.0
2483	1255.0	1252.0
2484	1385.0	1230.0
2485	1251.0	1295.0
2486	1286.0	1354.0
2487	1293.0	1303.0
2488	1247.0	1325.0
2489	1289.0	1352.0
2490	1279.0	1272.0
2491	1252.0	1268.0
2492	1258.0	1226.0
2493	1240.0	1275.0
2494	1255.0	1275.0
2495	1278.0	1325.0
2496	1266.0	1288.0
2497	1294.0	1196.0
2498	1290.0	1237.0
2499	1309.0	1194.0
2500	1247.0	1264.0
2501	1280.0	1282.0
2502	1250.0	1222.0
2503	1238.0	1246.0
2504	1269.0	1226.0
2505	1287.0	1274.0
2506	1249.0	1230.0
2507	1247.0	1267.0
2508	1271.0	1234.0
2509	1298.0	1191.0
2510	1256.0	1270.0
2511	1301.0	1246.0
2512	1228.0	1298.0
2513	1273.0	1188.0
2514	1273.0	1225.0
2515	1215.0	1292.0
2516	1200.0	1243.0
2517	1248.0	1286.0
2518	1234.0	1238.0
2519	1290.0	1152.0
2520	1309.0	1223.0
2521	1197.0	1249.0
2522	1244.0	1189.0
2523	1224.0	1263.0
2524	1227.0	1227.0
2525	1222.0	1177.0
2526	1241.0	1257.0
2527	1278.0	1212.0
2528	1242.0	1195.0
2529	1222.0	1184.0
2530	1255.0	1264.0
2531	1193.0	1228.0
2532	1255.0	1213.0
2533	1267.0	1221.0
2534	1217.0	1251.0
2535	1196.0	1152.0
2536	1284.0	1229.0
2537	1147.0	1235.0
2538	1197.0	1178.0
2539	1241.0	1217.0
2540	1218.0	1197.0
2541	1208.0	1215.0
2542	1259.0	1204.0
2543	1181.0	1192.0
2544	1228.0	1204.0
2545	1213.0	1222.0
2546	1280.0	1228.0
2547	1208.0	1153.0
2548	1170.0	1204.0
2549	1209.0	1203.0
2550	1179.0	1233.0
2551	1183.0	1225.0
2552	1186.0	1119.0
2553	1151.0	1205.0
2554	1208.0	1186.0
2555	1219.0	1232.0
2556	1185.0	1104.0
2557	1171.0	1275.0
2558	1153.0	1203.0
2559	1140.0	1159.0
2560	1194.0	1206.0
2561	1145.0	1191.0
2562	1181.0	1229.0
2563	1200.0	1220.0
2564	1160.0	1226.0
2565	1187.0	1164.0
2566	1206.0	1181.0
2567	1231.0	1174.0
2568	1196.0	1187.0
2569	1190.0	1170.0
2570	1142.0	1163.0
2571	1130.0	1152.0
2572	1203.0	1167.0
2573	1197.0	1157.0
2574	1153.0	1148.0
2575	1165.0	1162.0
2576	1133.0	1111.0
2577	1179.0	1149.0
2578	1237.0	1144.0
2579	1137.0	1114.0
2580	1159.0	1150.0
2581	1162.0	1154.0
2582	1209.0	1145.0
2583	1188.0	1176.0
2584	1176.0	1137.0
2585	1097.0	1172.0
2586	1124.0	1177.0
2587	1134.0	1158.0
2588	1201.0	1101.0
2589	1143.0	1199.0
2590	1166.0	1116.0
2591	1167.0	1111.0
2592	1167.0	1118.0
2593	1116.0	1183.0
2594	1114.0	1116.0
2595	1072.0	1175.0
2596	1108.0	1139.0
2597	1229.0	1149.0
2598	1127.0	1090.0
2599	1137.0	1162.0
2600	1130.0	1157.0
2601	1095.0	1181.0
2602	1130.0	1132.0
2603	1160.0	1165.0
2604	1106.0	1102.0
2605	1163.0	1009.0
2606	1104.0	1101.0
2607	1111.0	1082.0
2608	1136.0	1094.0
2609	1090.0	1089.0
2610	1091.0	1155.0
2611	1077.0	1106.0
2612	1114.0	1074.0
2613	1095.0	1070.0
2614	1093.0	1125.0
2615	1150.0	1109.0
2616	1142.0	1153.0
2617	1081.0	1174.0
2618	1130.0	1129.0
2619	1129.0	1081.0
2620	1112.0	1082.0
2621	1129.0	1094.0
2622	1143.0	1068.0
2623	1136.0	1148.0
2624	1102.0	1143.0
2625	1095.0	1102.0
2626	1134.0	1089.0
2627	1105.0	1064.0
2628	1136.0	1070.0
2629	1142.0	1123.0
2630	1172.0	1098.0
2631	1100.0	1065.0
2632	1064.0	1148.0
2633	1089.0	1110.0
2634	1135.0	1020.0
2635	1123.0	1134.0
2636	1101.0	1073.0
2637	1060.0	1053.0
2638	1104.0	1033.0
2639	1031.0	1121.0
2640	1112.0	1049.0
2641	1104.0	1094.0
2642	1045.0	1066.0
2643	1097.0	1118.0
2644	1083.0	1051.0
2645	1086.0	1068.0
2646	1118.0	1086.0
2647	1060.0	992.0
2648	1097.0	1061.0
2649	1071.0	1097.0
2650	1104.0	971.0
2651	1103.0	1061.0
2652	1104.0	1089.0
2653	1061.0	1050.0
2654	1069.0	1036.0
2655	1075.0	1102.0
2656	1064.0	1040.0
2657	1113.0	1016.0
2658	1138.0	1079.0
2659	1024.0	1082.0
2660	1053.0	1071.0
2661	1112.0	1027.0
2662	1078.0	1007.0
2663	1000.0	1055.0
2664	1020.0	1052.0
2665	1040.0	1041.0
2666	1054.0	1051.0
2667	1037.0	1068.0
2668	989.0	1028.0
2669	1075.0	1004.0
2670	1095.0	1035.0
2671	1064.0	1070.0
2672	1091.0	986.0
2673	1076.0	1042.0
2674	1029.0	1028.0
2675	1012.0	1080.0
2676	1040.0	1085.0
2677	1063.0	1020.0
2678	1058.0	1021.0
2679	1067.0	1087.0
2680	1066.0	953.0
2681	1026.0	1025.0
2682	1050.0	999.0
2683	1034.0	1056.0
2684	1008.0	1031.0
2685	1040.0	1023.0
2686	1049.0	1072.0
2687	987.0	1017.0
2688	1039.0	1047.0
2689	1009.0	1026.0
2690	1012.0	1051.0
2691	1039.0	974.0
2692	987.0	1072.0
2693	1017.0	1003.0
2694	981.0	1002.0
2695	1027.0	1001.0
2696	935.0	981.0
2697	1056.0	988.0
2698	992.0	1011.0
2699	1023.0	968.0
2700	1030.0	1015.0
2701	979.0	1024.0
2702	992.0	994.0
2703	1006.0	958.0
2704	1051.0	986.0
2705	1072.0	979.0
2706	979.0	986.0
2707	952.0	1048.0
2708	976.0	1020.0
2709	978.0	995.0
2710	972.0	1005.0
2711	1019.0	906.0
2712	1014.0	972.0
2713	979.0	1033.0
2714	1011.0	971.0
2715	1048.0	978.0
2716	1009.0	952.0
2717	1007.0	992.0
2718	1014.0	962.0
2719	1023.0	985.0
2720	944.0	985.0
2721	1000.0	1005.0
2722	1007.0	1048.0
2723	969.0	1052.0
2724	1006.0	978.0
2725	932.0	968.0
2726	889.0	1019.0
2727	950.0	960.0
2728	954.0	992.0
2729	988.0	987.0
2730	1021.0	940.0
2731	984.0	1007.0
2732	970.0	997.0
2733	1017.0	1003.0
2734	992.0	948.0
2735	1012.0	959.0
2736	999.0	971.0
2737	978.0	964.0
2738	933.0	1004.0
2739	946.0	1054.0
2740	917.0	1004.0
2741	994.0	943.0
2742	1002.0	910.0
2743	1025.0	931.0
2744	991.0	969.0
2745	955.0	905.0
2746	981.0	928.0
2747	978.0	957.0
2748	950.0	971.0
2749	934.0	958.0
2750	982.0	982.0
2751	957.0	987.0
2752	939.0	961.0
2753	956.0	1014.0
2754	951.0	912.0
2755	1007.0	910.0
2756	955.0	928.0
2757	940.0	914.0
2758	949.0	955.0
2759	943.0	897.0
2760	984.0	930.0
2761	965.0	925.0
2762	955.0	964.0
2763	1001.0	984.0
2764	939.0	924.0
2765	1003.0	995.0
2766	934.0	899.0
2767	953.0	958.0
2768	956.0	935.0
2769	932.0	988.0
2770	919.0	966.0
2771	935.0	959.0
2772	984.0	937.0
2773	937.0	936.0
2774	878.0	904.0
2775	901.0	918.0
2776	961.0	963.0
2777	930.0	898.0
2778	959.0	905.0
2779	970.0	936.0
2780	880.0	953.0
2781	914.0	872.0
2782	973.0	983.0
2783	943.0	933.0
2784	922.0	926.0
2785	944.0	916.0
2786	935.0	948.0
2787	936.0	887.0
2788	931.0	995.0
2789	955.0	892.0
2790	910.0	930.0
2791	908.0	921.0
2792	936.0	911.0
2793	929.0	917.0
2794	939.0	926.0
2795	885.0	917.0
2796	917.0	954.0
2797	870.0	872.0
2798	917.0	886.0
2799	994.0	900.0
2800	967.0	839.0
2801	932.0	939.0
2802	930.0	891.0
2803	932.0	852.0
2804	900.0	910.0
2805	958.0	913.0
2806	930.0	922.0
2807	910.0	876.0
2808	886.0	924.0
2809	874.0	930.0
2810	870.0	833.0
2811	921.0	888.0
2812	940.0	939.0
2813	903.0	878.0
2814	903.0	897.0
2815	928.0	934.0
2816	890.0	878.0
2817	958.0	867.0
2818	878.0	930.0
2819	882.0	887.0
2820	919.0	907.0
2821	862.0	873.0
2822	857.0	910.0
2823	965.0	877.0
2824	909.0	905.0
2825	911.0	849.0
2826	866.0	815.0
2827	880.0	885.0
2828	900.0	869.0
2829	846.0	854.0
2830	872.0	875.0
2831	908.0	883.0
2832	895.0	865.0
2833	851.0	932.0
2834	896.0	848.0
2835	895.0	846.0
2836	879.0	870.0
2837	876.0	907.0
2838	868.0	904.0
2839	898.0	964.0
2840	904.0	913.0
2841	858.0	872.0
2842	888.0	837.0
2843	901.0	852.0
2844	911.0	881.0
2845	844.0	843.0
2846	933.0	838.0
2847	883.0	893.0
2848	890.0	871.0
2849	900.0	922.0
2850	852.0	891.0
2851	893.0	835.0
2852	930.0	901.0
2853	816.0	816.0
2854	886.0	810.0
2855	891.0	821.0
2856	913.0	791.0
2857	874.0	792.0
2858	848.0	804.0
2859	835.0	831.0
2860	828.0	814.0
2861	926.0	841.0
2862	830.0	884.0
2863	906.0	924.0
2864	845.0	820.0
2865	818.0	817.0
2866	874.0	795.0
2867	884.0	852.0
2868	831.0	832.0
2869	816.0	810.0
2870	867.0	822.0
2871	837.0	830.0
2872	834.0	844.0
2873	857.0	808.0
2874	838.0	818.0
2875	852.0	828.0
2876	858.0	880.0
2877	880.0	814.0
2878	816.0	768.0
2879	890.0	849.0
2880	822.0	830.0
2881	852.0	871.0
2882	858.0	822.0
2883	891.0	825.0
2884	821.0	882.0
2885	842.0	822.0
2886	827.0	820.0
2887	839.0	814.0
2888	835.0	864.0
2889	811.0	851.0
2890	889.0	797.0
2891	886.0	817.0
2892	803.0	850.0
2893	876.0	789.0
2894	849.0	837.0
2895	859.0	785.0
2896	823.0	850.0
2897	870.0	794.0
2898	843.0	875.0
2899	823.0	810.0
2900	845.0	767.0
2901	839.0	797.0
2902	800.0	763.0
2903	806.0	864.0
2904	853.0	799.0
2905	855.0	827.0
2906	857.0	765.0
2907	845.0	820.0
2908	836.0	793.0
2909	823.0	773.0
2910	874.0	878.0
2911	838.0	778.0
2912	849.0	762.0
2913	832.0	821.0
2914	819.0	830.0
2915	796.0	788.0
2916	880.0	803.0
2917	774.0	819.0
2918	785.0	811.0
2919	786.0	795.0
2920	802.0	783.0
2921	780.0	786.0
2922	787.0	796.0
2923	827.0	773.0
2924	810.0	805.0
2925	871.0	808.0
2926	852.0	806.0
2927	822.0	743.0
2928	776.0	754.0
2929	805.0	782.0
2930	763.0	824.0
2931	797.0	806.0
2932	835.0	792.0
2933	808.0	797.0
2934	800.0	776.0
2935	840.0	806.0
2936	778.0	772.0
2937	789.0	803.0
2938	808.0	789.0
2939	800.0	787.0
2940	801.0	754.0
2941	882.0	835.0
2942	791.0	773.0
2943	814.0	745.0
2944	755.0	817.0
2945	802.0	726.0
2946	792.0	769.0
2947	781.0	765.0
2948	840.0	775.0
2949	755.0	769.0
2950	837.0	760.0
2951	821.0	765.0
2952	793.0	741.0
2953	777.0	803.0
2954	748.0	716.0
2955	781.0	780.0
2956	823.0	806.0
2957	790.0	789.0
2958	817.0	790.0
2959	834.0	744.0
2960	778.0	768.0
2961	750.0	797.0
2962	774.0	811.0
2963	777.0	728.0
2964	800.0	778.0
2965	744.0	774.0
2966	778.0	753.0
2967	774.0	788.0
2968	791.0	747.0
2969	809.0	790.0
2970	818.0	711.0
2971	773.0	738.0
2972	765.0	737.0
2973	815.0	707.0
2974	831.0	826.0
2975	768.0	759.0
2976	769.0	735.0
2977	719.0	763.0
2978	776.0	771.0
2979	780.0	755.0
2980	799.0	802.0
2981	760.0	717.0
2982	814.0	732.0
2983	789.0	763.0
2984	755.0	751.0
2985	725.0	767.0
2986	750.0	748.0
2987	794.0	748.0
2988	782.0	725.0
2989	712.0	798.0
2990	756.0	757.0
2991	777.0	749.0
2992	776.0	721.0
2993	778.0	760.0
2994	808.0	725.0
2995	763.0	752.0
2996	748.0	773.0
2997	791.0	765.0
2998	772.0	728.0
2999	790.0	794.0
3000	773.0	755.0
3001	764.0	769.0
3002	784.0	697.0
3003	775.0	742.0
3004	753.0	756.0
3005	725.0	731.0
3006	742.0	675.0
3007	788.0	707.0
3008	771.0	691.0
3009	752.0	699.0
3010	778.0	704.0
3011	780.0	747.0
3012	754.0	736.0
3013	733.0	733.0
3014	732.0	704.0
3015	802.0	709.0
3016	730.0	759.0
3017	737.0	744.0
3018	729.0	694.0
3019	712.0	730.0
3020	719.0	705.0
3021	733.0	739.0
3022	759.0	722.0
3023	745.0	745.0
3024	745.0	653.0
3025	752.0	709.0
3026	733.0	753.0
3027	749.0	708.0
3028	715.0	748.0
3029	758.0	696.0
