0
0
0
0
0
0
0
0
0
0
0
0
0
0
0
0
0
0
0
0
0
0
0
0
0
0
0
0
0
0
0
0
0
0
0
0
0
0
0
0
0
0
0
0
0
0
0
0
0
0
0
0
0
0
0
0
0
0
0
0
0
0
0
0
0
0
0
0
0
0
0
0
0
0
0
0
0
0
0
0
0
0
0
0
0
0
0
0
0
0
0
0
0
0
0
0
0
0
0
0
0
0
0
0
0
0
0
0
0
0
0
0
0
0
0
0
0
0
0
0
0
0
0
0
0
0
0
0
0.0341369047619047
0.0627418831168831
0.121648809523809
0.22947132034632
0.411872294372294
0.699436147186147
1.11870616883117
1.66687012987013
2.30271699134199
2.96835227272727
3.56112121212121
4.02325
4.235
4.116375
3.7745579004329
3.3495974025974
2.86758603896104
2.41910335497835
2.03915205627706
1.73337716450216
1.51004437229437
1.3515395021645
1.23027380952381
1.13977326839827
1.06725162337662
1.00696158008658
0.95508170995671
0.901919913419913
0.859872294372294
0.815222943722944
0.774445887445887
0.736012987012987
0.706093614718615
0.674290008378718
0.647782110484823
0.621186117262154
0.600832325665537
0.579450346800944
0.561850062659028
0.545893664637276
0.531936142878906
0.516399325259296
0.501717654883868
0.487744757860489
0.474247780183788
0.461394414097284
0.448983016773758
0.436893933499819
0.425137091106771
0.413850840682847
0.402710450229145
0.391898750355914
0.381251021723005
0.370854284435715
0.360746538338076
0.351062295632729
0.341790688242772
0.332923208912997
0.324381710228746
0.316008205748308
0.307642836966832
0.299235629682425
0.29095579591474
0.282904745355887
0.274841211731293
0.266864853726081
0.259054152226073
0.251292531515405
0.243531247222963
0.235766115430443
0.228133093079941
0.220552796351812
0.212902156930487
0.205269497975143
0.197687284071186
0.190389763183332
0.183344526040221
0.17659956981993
0.170353214426266
0.164438995179517
0.158957683393272
0.153784892282693
0.148930672228902
0.144515876265195
0.140174427862321
0.135989793651398
0.132013941407008
0.128267951222078
0.124797992870835
0.121598067952854
0.118704997115528
0.116072297828869
0.113543643917565
0.111216907753139
0.108986115195646
0.106753380122639
0.104485927430798
0.102188886277761
0.0998048067063632
0.0973908638163671
0.0949870646851374
0.0927188615459497
0.0905084837032758
0.0882407751621189
0.085985192942672
0.0837065368891112
0.0813652922728047
0.0790242447771291
0.0766739943770237
0.0744199155818542
0.0721969786150882
0.0699494952464918
0.0677552437292801
0.0656107320407093
0.0635136048755881
0.061499134395798
0.0596012373061263
0.0580029587112829
0.0565938774592349
0.0553466067260682
0.0543039415685401
0.0533951189912957
0.0525603917617128
0.0518033396258518
0.051076364326468
0.0503735278220705
0.0496094481035471
0.0487975320094467
0.0479469170980734
0.0470778729821715
0.0462174418148421
0.0453891472113969
0.0445756970459637
0.043776825281146
0.0429922706473867
0.0422217765575201
0.0414650910228561
0.0407219665707674
0.0399921601637539
0.0392754331199581
0.0385715510351044
0.0378802837058376
0.0372014050544354
0.03653469305487
0.0358799296601951
0.0352369007312337
0.0346053959665445
0.0339852088336433
0.0333761365014567
0.0327779797739865
0.0321905430251635
0.0316136341348676
0.031047064426096
0.0304906486032563
0.0299442046915659
0.0294075539775379
0.0288805209505326
0.0283629332453574
0.027854621585895
0.0273554197297421
0.02686516441384
0.0263836953010795
0.0259108549278633
0.0254464886526077
0.0249904446051672
0.0245425736371659
0.0241027292732185
0.0236707676630262
0.0232465475343303
0.0228299301467094
0.022420779246205
0.0220189610207596
0.0216243440564535
0.0212367992945266
0.0208561999891696
0.0204824216660722
0.0201153420817138
0.0197548411833844
0.019400801069921
0.0190531059531487
0.0187116421200121
0.0183762978953859
0.0180469636055515
0.0177235315423288
0.0174058959278499
0.0170939528799649
0.0167876003782677
0.0164867382307299
0.0161912680409337
0.015901093175891
0.0156161187344402
0.0153362515162086
0.0150613999911319
0.0147914742695188
0.0145263860726531
0.0142660487039224
0.0140103770204639
0.0137592874053187
0.013512697740085
0.0132705273780616
0.013032697117872
0.0127991291775624
0.012569747169163
0.0123444760737051
0.012123242216687
0.0119059732439781
0.0116925980981564
0.0114830469952685
0.0112772514020075
0.0110751440132992
0.0108766587302897
0.0106817306387283
0.0104902959877375
0.0103022921689628
0.0101176576960975
0.00993633218477302
0.00975825633281092
0.00958337190082778
0.0094116216931883
0.00924294953929958
0.00907730027524058
0.00891461972572087
0.00875485468636272
0.0085979529063007
0.00844386307109311
0.00829253478593972
0.00814391855920018
0.00799796578620796
0.00785462873337419
0.00771386052257654
0.00757561511582779
0.0074398473002192
0.00730651267313369
0.00717556762772407
0.00704696933865149
0.00692067574807948
0.00679664555191904
0.00667483818632018
0.0065552138144056
0.00643773331324211
0.00632235826104557
0.00620905092461507
0.00609777424699238
0.00598849183534256
0.00588116794905171
0.00577576748803809
0.00567225598127269
0.00557059957550556
0.00547076502419416
0.00537271967663012
0.00527643146726091
0.00518186890520285
0.00508900106394206
0.00499779757122004
0.00490822859910043
0.00482026485421387
0.00473387756817763
0.00464903848818699
0.0045657198677752
0.00448389445773906
0.00440353549722709
0.00432461670498746
0.00424711227077276
0.00417099684689879
0.00409624553995467
0.00402283390266146
0.00395073792587676
0.00387993403074253
0.00381039906097371
0.00374211027528493
0.00367504533995309
0.00360918232151311
0.00354449967958464
0.00348097625982733
0.00341859128702232
0.00335732435827776
0.00329715543635609
0.00323806484312086
0.00318003325310106
0.00312304168717077
0.00306707150634203
0.00301210440566906
0.00295812240826158
0.00290510785940555
0.00285304342078923
0.00280191206483271
0.00275169706911904
0.00270238201092524
0.00265395076185126
0.0026063874825452
0.00255967661752311
0.00251380289008157
0.00246875129730149
0.0024245071051414
0.00238105584361878
0.0023383833020776
0.00229647552454078
0.00225531880514593
0.00221489968366285
0.00217520494109142
0.00213622159533828
0.00209793689697115
0.00206033832504907
0.0020234135830275
0.00198715059473677
0.00195153750043251
0.00191656265291704
0.00188221461373011
0.001848482149408
0.00181535422780962
0.0017828200145085
0.00175086886924937
0.0017194903424683
0.0016886741718752
0.00165841027909755
0.00162868876638428
0.00159949991336874
0.00157083417388964
0.00154268217286906
0.00151503470324628
0.00148788272296666
0.00146121735202445
0.0014350298695586
0.00140931171100063
0.00138405446527356
0.00135924987204113
0.00133488981900627
0.00131096633925794
0.00128747160866563
0.00126439794332043
0.00124173779702208
0.00121948375881097
0.00119762855054438
0.00117616502451622
0.00115508616111935
0.00113438506654985
0.00111405497055241
0.00109408922420611
0.00107448129774994
0.00105522477844724
0.0010363133684884
0.00101774088293119
9.99501247678017E-4
9.81588497489351E-4
9.63996774032834E-4
9.46720323967318E-4
9.29753497061242E-4
9.13090744344737E-4
8.96726616294844E-4
8.80655761053258E-4
8.64872922676014E-4
8.49372939414534E-4
8.34162210699011E-4
8.19216073495908E-4
8.04515952126246E-4
7.90049781647589E-4
7.75812221899435E-4
7.618046659637E-4
7.48035046724692E-4
7.34517445147004E-4
7.21271503824853E-4
7.08285604896554E-4
6.95559748362106E-4
6.83093934221509E-4
6.70888162474763E-4
6.58942433121869E-4
6.47256746162826E-4
6.35831101597634E-4
6.24665499426293E-4
6.13759939648804E-4
6.03114422265166E-4
5.92728947275379E-4
0
0
0
0
0
0
0
0
0
0
0
0
0
0
0
0
0
0
0
0
0
0
0
0
0
0
0
0
0
0
0
0
0
0
0
0
0
0
0
0
0
0
0
0
0
0
0
0
0
0
0
0
0
0
0
0
0
0
0
0
0
0
0
0
0
0
0
0
0
0
0
0
0
0
0
0
0
0
0
0
0
0
0
0
0
0
0
0
0
0
0
0
0
0
0
0
0
0
0
0
0
0
0
0
0
0
0
0
0
0
0
0
0
0
0
0
0
0
0
0
0
0
0
0
0
0
0
0
0
0
0
0
0
0
0
0
0
0
0
0
0
0
0
0
0
0
0
0
0
0
0
0
0
0
0
0
0
0
0
0
0
0
0
0
0
0
0
0
0
0
0
0
0
0
0
0
0
0
0
0
0
0
0
0
0
0
0
0
0
0
0
0
0
0
0
0
0
0
0
0
0
0
0
0
0
0
0
0
0
0
0
0
0
0
0
0
0
0
0
0
0
0
0
0
0
0
0
0
0
0
0
0
0
0
0
0
0
0
0
0
0
0
0
0
0
0
0
0
0
0
0
0
0
0
0
0
0
0
0
0
0
0
0
0
0
0
0
0
0
0
0
0
0
0
0
0
0
0
0
0
0
0
0
0
0
0
0
0
0
0
0
0
0
0
0
0
0
0
0
0
0
0
0
0
0
0
0
0
0
0
0
0
0
0
0
0
0
0
0
0
0
0
0
0
0
0
0
0
0
0
0
0
0
0
0
0
0
0
0
0
0
0
0
0
0
0
0
0
0
0
0
0
0
0
0
0
0
0
0
0
0
0
0
0
0
0
0
0
0
0
0
0
0
0
0
0
0
0
0
0
0
0
0
0
0
0
0
0
0
0
0
0
0
0
0
0
0
0
0
0
0
0
0
0
0
0
0
0
0
0
0
0
0
0
0
0
0
0
0
0
0
0
0
0
0
0
0
0
0
0
0
0
0
0
0
0
0
0
0
0
0
0
0
0
0
0
0
0
0
0
0
0
0
0
0
0
0
0
0
0
0
0
0
0
0
0
0
0
0
0
0
0
0
0
0
0
0
0
0
0
0
0
0
0
0
0
0
0
0
0
0
0
0
0
0
0
0
0
0
0
0
0
0
0
0
0
0
0
0
0
0
0
0
0
0
0
0
0
0
0
0
0
0
0
0
0
0
0
0
0
0
0
0
0
0
0
0
0
0
0
0
0
0
0
0
0
0
0
0
0
0
0
0
0
0
0
0
0
0
0
0
0
0
0
0
0
0
0
0
0
0
0
0
0
0
0
0
0
0
0
0
0
0
0
0
0
0
0
0
0
0
0
0
0
0
0
0
0
0
0
0
0
0
0
0
0
0
0
0
0
0
0
0
0
0
0
0
0
0
0
0
0
0
0
0
0
0
0
0
0
0
0
0
0
0
0
0
0
0
0
0
0
0
0
0
0
0
0
0
0
0
0
0
0
0
0
0
0
0
0
0
0
0
0
0
0
0
0
0
0
0
0
0
0
0
0
0
0
0
0
0
0
0
0
0
0
0
0
0
0
0
0
0
0
0
0
0
0
0
0
0
0
0
0
0
0
0
0
0
0
0
0
0
0
0
0
0
0
0
0
0
0
0
0
0
0
0
0
0
0
0
0
0
0
0
0
0
0
0
0
0
0
0
0
0
0
0
0
0
0
0
0
0
0
0
0
0
0
0
0
0
0
0
0
0
0
0
0
0
0
0
0
0
0
0
0
0
0
0
0
0
0
0
0
0
0
0
0
0
0
0
0
0
0
0
0
0
0
0
0
0
0
0
0
0
0
0
0
0
0
0
0
0
0
0
0
0
0
0
0
0
0
0
0
0
0
0
0
0
0
0
0
0
0
0
0
0
0
0
0
0
0
0
0
0
0
0
0
0
0
0
0
0
0
0
0
0
0
0
0
0
0
0
0
0
0
0
0
0
0
0
0
0
0
0
0
0
0
0
0
0
0
0
0
0
0
0
0
0
0
0
0
0
0
0
0
0
0
0
0
0
0
0
0
0
0
0
0
0
0
0
0
0
0
0
0
0
0
0
0
0
0
0
0
0
0
0
0
0
0
0
0
0
0
0
0
0
0
0
0
0
0
0
0
0
0
0
0
0
0
0
0
0
0
0
0
0
0
0
0
0
0
0
0
0
0
0
0
0
0
0
0
0
0
0
0
0
0
0
0
0
0
0
0
0
0
0
0
0
0
0
0
0
0
0
0
0
0
0
0
0
0
0
0
0
0
0
0
0
0
0
0
0
0
0
0
0
0
0
0
0
0
0
0
0
0
0
0
0
0
0
0
0
0
0
0
0
0
0
0
0
0
0
0
0
0
0
0
0
0
0
0
0
0
0
0
0
0
0
0
0
0
0
0
0
0
0
0
0
0
0
0
0
0
0
0
0
0
0
0
0
0
0
0
0
0
0
0
0
0
0
0
0
0
0
0
0
0
0
0
0
0
0
0
0
0
0
0
0
0
0
0
0
0
0
0
0
0
0
0
0
0
0
0
0
0
0
0
0
0
0
0
0
0
0
0
0
0
0
0
0
0
0
0
0
0
0
0
0
0
0
0
0
0
0
0
0
0
0
0
0
0
0
0
0
0
0
0
0
0
0
0
0
0
0
0
0
0
0
0
0
0
0
0
0
0
0
0
0
0
0
0
0
0
0
0
0
0
0
0
0
0
0
0
0
0
0
0
0
0
0
0
0
0
0
0
0
0
0
0
0
0
0
0
0
0
0
0
0
0
0
0
0
0
0
0
0
0
0
0
0
0
0
0
0
0
0
0
0
0
0
0
0
0
0
0
0
0
0
0
0
0
0
0
0
0
0
0
0
0
0
0
0
0
0
0
0
0
0
0
0
0
0
0
0
0
0
0
0
0
0
0
0
0
0
0
0
0
0
0
0
0
0
0
0
0
0
0
0
0
0
0
0
0
0
0
0
0
0
0
0
0
0
0
0
0
0
0
0
0
0
0
0
0
0
0
0
0
0
0
0
0
0
0
0
0
0
0
0
0
0
0
0
0
0
0
0
0
0
0
0
0
0
0
0
0
0
0
0
0
0
0
0
0
0
0
0
0
0
0
0
0
0
0
0
0
0
0
0
0
0
0
0
0
0
0
0
0
0
0
0
0
0
0
0
0
0
0
0
0
0
0
0
0
0
0
0
0
0
0
0
0
0
0
0
0
0
0
0
0
0
0
0
0
0
0
0
0
0
0
0
0
0
0
0
0
0
0
0
0
0
0
0
0
0
0
0
0
0
0
0
0
0
0
0
0
0
0
0
0
0
0
0
0
0
0
0
0
0
0
0
0
0
0
0
0
0
0
0
0
0
0
0
0
0
0
0
0
0
0
0
0
0
0
0
0
0
0
0
0
0
0
0
0
0
0
0
0
0
0
0
0
0
0
0
0
0
0
0
0
0
0
0
0
0
0
0
0
0
0
0
0
0
0
0
0
0
0
0
0
0
0
0
0
0
0
0
0
0
0
0
0
0
0
0
0
0
0
0
0
0
0
0
0
0
0
0
0
0
0
0
0
0
0
0
0
0
0
0
0
0
0
0
0
0
0
0
0
0
0
0
0
0
0
0
0
0
0
0
0
0
0
0
0
0
0
0
0
0
0
0
0
0
0
0
0
0
0
0
0
0
0
0
0
0
0
0
0
0
0
0
0
0
0
0
0
0
0
0
0
0
0
0
0
0
0
0
0
0
0
0
0
0
0
0
0
0
0
0
0
0
0
0
0
0
0
0
0
0
0
0
0
0
0
0
0
0
0
0
0
0
0
0
0
0
0
0
0
0
0
0
0
0
0
0
0
0
0
0
0
0
0
0
0
0
0
0
0
0
0
0
0
0
0
0
0
0
0
0
0
0
0
0
0
0
0
0
0
0
0
0
0
0
0
0
0
0
0
0
0
0
0
0
0
0
0
0
0
0
0
0
0
0
0
0
0
0
0
0
0
0
0
0
0
0
0
0
0
0
0
0
0
0
0
0
0
0
0
0
0
0
0
0
0
0
0
0
0
0
0
0
0
0
0
0
0
0
0
0
0
0
0
0
0
0
0
0
0
0
0
0
0
0
0
0
0
0
0
0
0
0
0
0
0
0
0
0
0
0
0
0
0
0
0
0
0
0
0
0
0
0
0
0
0
0
0
0
0
0
0
0
0
0
0
0
0
0
0
0
0
0
0
0
0
0
0
0
0
0
0
0
0
0
0
0
0
0
0
0
0
0
0
0
0
0
0
0
0
0
0
0
0
0
0
0
0
0
0
0
0
0
0
0
0
0
0
0
0
0
0
0
0
0
0
0
0
0
0
0
0
0
0
0
0
0
0
0
0
0
0
0
0
0
0
0
0
0
0
0
0
0
0
0
0
0
0
0
0
0
0
0
0
0
0
0
0
0
0
0
0
0
0
0
0
0
0
0
0
0
0
0
0
0
0
0
0
0
0
0
0
0
0
0
0
0
0
0
0
0
0
0
0
0
0
0
0
0
0
0
0
0
0
0
0
0
0
0
0
0
0
0
0
0
0
0
0
0
0
0
0
0
0
0
0
0
0
0
0
0
0
0
0
0
0
0
0
0
0
0
0
0
0
0
0
0
0
0
0
0
0
0
0
0
0
0
0
0
0
0
0
0
0
0
0
0
0
0
0
0
0
0
0
0
0
0
0
0
0
0
0
0
0
0
0
0
0
0
0
0
0
0
0
0
0
0
0
0
0
0
0
0
0
0
0
0
0
0
0
0
0
0
0
0
0
0
0
0
0
0
0
0
0
0
0
0
0
0
0
0
0
0
0
0
0
0
0
0
0
0
0
0
0
0
0
0
0
0
0
0
0
0
0
0
0
0
0
0
0
0
0
0
0
0
0
0
0
0
0
0
0
0
0
0
0
0
0
0
0
0
0
0
0
0
0
0
0
0
0
0
0
0
0
0
0
0
0
0
0
0
0
0
0
0
0
0
0
0
0
0
0
0
0
0
0
0
0
0
0
0
0
0
0
0
0
0
0
0
0
0
0
0
0
0
0
0
0
0
0
0
0
0
0
0
0
0
0
0
0
0
0
0
0
0
0
0
0
0
0
0
0
0
0
0
0
0
0
0
0
0
0
0
0
0
0
0
0
0
0
0
0
0
0
0
0
0
0
0
0
0
0
0
0
0
0
0
0
0
0
0
0
0
0
0
0
0
0
0
0
0
0
0
0
0
0
0
0
0
0
0
0
0
0
0
0
0
0
0
0
0
0
0
0
0
0
0
0
0
0
0
0
0
0
0
0
0
0
0
0
0
0
0
0
0
0
0
0
0
0
0
0
0
0
0
0
0
0
0
0
0
0
0
0
0
0
0
0
0
0
0
0
0
0
0
0
0
0
0
0
0
0
0
0
0
0
0
0
0
0
0
0
0
0
0
0
0
0
0
0
0
0
0
0
0
0
0
0
0
0
0
0
0
0
0
0
0
0
0
0
0
0
0
0
0
0
0
0
0
0
0
0
0
0
0
0
0
0
0
0
0
0
0
0
0
0
0
0
0
0
0
0
0
0
0
0
0
0
0
0
0
0
0
0
0
0
0
0
0
0
0
0
0
0
0
0
0
0
0
0
0
0
0
0
0
0
0
0
0
0
0
0
0
0
0
0
0
0
0
0
0
0
0
0
0
0
0
0
0
0
0
0
0
0
0
0
0
0
0
0
0
0
0
0
0
0
0
0
0
0
0
0
0
0
0
0
0
0
0
0
0
0
0
0
0
0
0
0
0
0
0
0
0
0
0
0
0
0
0
0
0
0
0
0
0
0
0
0
0
0
0
0
0
0
0
0
0
0
0
0
0
0